# relative_time, cycles_done, cur_item, corpus_count, pending_total, pending_favs, map_size, saved_crashes, saved_hangs, max_depth, execs_per_sec, total_execs, edges_found, total_crashes, servers_count
60, 0, 4, 30, 19, 1, 0.69%, 0, 0, 2, 161.45, 9412, 452, 0, 0
65, 0, 4, 32, 21, 1, 0.69%, 0, 0, 2, 169.02, 10287, 455, 0, 0
70, 0, 4, 32, 21, 1, 0.69%, 0, 0, 2, 144.05, 10972, 455, 0, 0
75, 0, 4, 32, 21, 1, 0.69%, 0, 0, 2, 169.63, 11670, 455, 0, 0
81, 0, 4, 33, 22, 1, 0.70%, 0, 0, 2, 139.79, 12399, 459, 0, 0
86, 0, 4, 34, 23, 1, 0.70%, 0, 0, 2, 35.01, 12838, 461, 0, 0
91, 0, 4, 34, 23, 1, 0.70%, 0, 0, 2, 120.79, 13537, 461, 0, 0
96, 0, 4, 35, 24, 1, 0.71%, 0, 0, 2, 151.73, 14347, 464, 0, 0
101, 0, 4, 35, 24, 1, 0.71%, 0, 0, 2, 151.70, 15148, 464, 0, 0
106, 0, 4, 35, 24, 1, 0.71%, 0, 0, 2, 157.19, 15823, 464, 0, 0
111, 0, 4, 35, 24, 1, 0.71%, 0, 0, 2, 155.90, 16627, 464, 0, 0
116, 0, 4, 35, 24, 1, 0.71%, 0, 0, 2, 155.36, 17410, 464, 0, 0
121, 0, 4, 35, 24, 1, 0.71%, 0, 0, 2, 156.86, 18220, 464, 0, 0
126, 0, 4, 35, 24, 1, 0.71%, 0, 0, 2, 160.82, 19039, 464, 0, 0
131, 0, 4, 36, 25, 1, 0.71%, 0, 0, 2, 160.82, 19853, 464, 0, 0
136, 0, 4, 36, 25, 1, 0.71%, 0, 0, 2, 156.94, 20522, 464, 0, 0
142, 0, 4, 36, 25, 1, 0.71%, 0, 0, 2, 155.82, 21323, 464, 0, 0
147, 0, 4, 36, 25, 1, 0.71%, 0, 0, 2, 153.63, 22118, 464, 0, 0
152, 0, 4, 36, 25, 1, 0.71%, 0, 0, 2, 159.96, 22913, 464, 0, 0
157, 0, 4, 36, 25, 1, 0.71%, 0, 0, 2, 164.38, 23780, 464, 0, 0
162, 0, 4, 36, 25, 1, 0.71%, 0, 0, 2, 153.36, 24545, 464, 0, 0
167, 0, 4, 36, 25, 1, 0.71%, 0, 0, 2, 30.64, 25151, 464, 0, 0
172, 0, 4, 36, 25, 1, 0.71%, 0, 0, 2, 124.53, 25909, 464, 0, 0
177, 0, 4, 36, 25, 1, 0.71%, 0, 0, 2, 156.20, 26732, 464, 0, 0
183, 0, 4, 36, 25, 1, 0.71%, 0, 0, 2, 155.32, 27557, 464, 0, 0
188, 0, 4, 37, 26, 1, 0.71%, 0, 0, 2, 156.85, 28350, 468, 0, 0
193, 0, 4, 37, 26, 1, 0.71%, 0, 0, 2, 161.29, 29163, 468, 0, 0
198, 0, 4, 37, 26, 1, 0.71%, 0, 0, 2, 6.27, 29815, 468, 0, 0
203, 0, 4, 37, 26, 1, 0.71%, 0, 0, 2, 156.03, 30600, 468, 0, 0
208, 0, 4, 37, 26, 1, 0.71%, 0, 0, 2, 155.84, 31377, 468, 0, 0
213, 0, 4, 37, 26, 1, 0.71%, 0, 0, 2, 149.21, 32126, 468, 0, 0
218, 0, 4, 37, 26, 1, 0.71%, 0, 0, 2, 158.26, 32940, 468, 0, 0
223, 0, 4, 37, 26, 1, 0.71%, 0, 0, 2, 164.49, 33786, 468, 0, 0
229, 0, 4, 37, 26, 1, 0.71%, 0, 0, 2, 11.20, 34499, 468, 0, 0
234, 0, 4, 37, 26, 1, 0.71%, 0, 0, 2, 157.82, 35289, 468, 0, 0
239, 0, 4, 37, 26, 1, 0.71%, 0, 0, 2, 156.40, 36111, 468, 0, 0
244, 0, 4, 37, 26, 1, 0.71%, 0, 0, 2, 153.89, 36846, 468, 0, 0
249, 0, 4, 38, 27, 1, 0.72%, 0, 0, 2, 154.84, 37612, 471, 0, 0
254, 0, 4, 40, 29, 1, 0.75%, 0, 0, 2, 147.14, 38347, 493, 0, 0
260, 0, 4, 40, 29, 1, 0.75%, 0, 0, 2, 2.72, 39098, 493, 0, 0
265, 0, 4, 41, 30, 1, 0.76%, 0, 0, 2, 160.13, 39889, 497, 0, 0
270, 0, 4, 41, 30, 1, 0.76%, 0, 0, 2, 165.02, 40741, 497, 0, 0
275, 0, 4, 41, 30, 1, 0.76%, 0, 0, 2, 168.01, 41593, 497, 0, 0
281, 0, 4, 41, 30, 1, 0.76%, 0, 0, 2, 163.87, 42466, 497, 0, 0
286, 0, 4, 41, 30, 1, 0.76%, 0, 0, 2, 163.87, 43297, 497, 0, 0
291, 0, 4, 42, 31, 1, 0.76%, 0, 0, 2, 11.92, 43988, 501, 0, 0
296, 0, 4, 42, 31, 1, 0.76%, 0, 0, 2, 165.55, 44804, 501, 0, 0
301, 0, 4, 42, 31, 1, 0.76%, 0, 0, 2, 163.72, 45614, 501, 0, 0
306, 0, 4, 42, 31, 1, 0.76%, 0, 0, 2, 165.98, 46460, 501, 0, 0
311, 0, 4, 42, 31, 1, 0.76%, 0, 0, 2, 165.37, 47279, 501, 0, 0
316, 0, 4, 42, 31, 1, 0.76%, 0, 0, 2, 162.50, 48095, 501, 0, 0
321, 0, 4, 42, 31, 1, 0.76%, 0, 0, 2, 11.81, 48821, 501, 0, 0
327, 0, 4, 42, 31, 1, 0.76%, 0, 0, 2, 162.27, 49541, 501, 0, 0
332, 0, 4, 42, 31, 1, 0.76%, 0, 0, 2, 156.21, 50318, 501, 0, 0
337, 0, 4, 43, 32, 1, 0.77%, 0, 0, 2, 153.78, 51096, 502, 0, 0
342, 0, 14, 43, 31, 25, 0.77%, 0, 0, 2, 144.06, 51850, 502, 0, 0
347, 0, 21, 45, 28, 21, 0.77%, 0, 0, 3, 149.26, 52621, 504, 0, 0
352, 0, 36, 47, 25, 16, 0.77%, 0, 0, 4, 153.90, 53392, 504, 0, 0
357, 0, 24, 47, 19, 10, 0.77%, 0, 0, 4, 161.34, 54051, 504, 0, 0
362, 0, 38, 48, 13, 3, 0.77%, 0, 0, 4, 158.14, 54858, 504, 0, 0
367, 0, 26, 48, 10, 0, 0.77%, 0, 0, 4, 156.90, 55641, 504, 0, 0
372, 0, 48, 49, 11, 1, 0.78%, 0, 0, 4, 160.24, 56464, 511, 0, 0
378, 0, 4, 50, 11, 0, 0.78%, 0, 0, 4, 164.56, 57323, 511, 0, 0
383, 1, 25, 50, 11, 0, 0.78%, 0, 0, 4, 156.65, 58135, 511, 0, 0
388, 1, 21, 50, 11, 0, 0.78%, 0, 0, 4, 174.40, 58847, 511, 0, 0
393, 1, 21, 50, 10, 0, 0.78%, 0, 0, 4, 167.20, 59667, 511, 0, 0
398, 1, 16, 51, 9, 0, 0.79%, 0, 0, 4, 164.55, 60490, 518, 0, 0
403, 1, 15, 51, 8, 0, 0.79%, 0, 0, 4, 157.76, 61266, 518, 0, 0
408, 1, 12, 51, 7, 0, 0.79%, 0, 0, 4, 161.40, 62101, 518, 0, 0
413, 1, 26, 51, 5, 0, 0.79%, 0, 0, 4, 157.39, 62905, 518, 0, 0
418, 2, 36, 51, 5, 0, 0.79%, 0, 0, 4, 167.41, 63590, 518, 0, 0
424, 2, 39, 51, 5, 0, 0.79%, 0, 0, 4, 167.33, 64447, 518, 0, 0
429, 2, 51, 62, 15, 1, 0.96%, 0, 0, 4, 168.44, 65306, 628, 0, 0
434, 2, 51, 65, 18, 1, 0.97%, 0, 0, 4, 160.86, 66119, 637, 0, 0
439, 2, 51, 67, 20, 1, 0.98%, 0, 0, 4, 161.87, 66907, 641, 0, 0
444, 2, 51, 67, 20, 1, 0.98%, 0, 0, 4, 161.90, 67741, 641, 0, 0
449, 2, 51, 69, 22, 1, 0.99%, 0, 0, 4, 167.38, 68445, 649, 0, 0
454, 2, 51, 70, 23, 1, 0.99%, 0, 0, 4, 167.03, 69301, 651, 0, 0
459, 2, 51, 70, 23, 1, 0.99%, 0, 0, 4, 170.21, 70159, 651, 0, 0
464, 2, 51, 70, 23, 1, 0.99%, 0, 0, 4, 168.60, 70987, 651, 0, 0
469, 2, 51, 70, 23, 1, 0.99%, 0, 0, 4, 172.44, 71854, 651, 0, 0
474, 2, 51, 70, 23, 1, 0.99%, 0, 0, 4, 169.76, 72694, 651, 0, 0
479, 2, 51, 70, 23, 1, 0.99%, 0, 0, 4, 167.63, 73354, 651, 0, 0
484, 2, 51, 70, 23, 1, 0.99%, 0, 0, 4, 160.15, 74179, 651, 0, 0
490, 2, 51, 70, 23, 1, 0.99%, 0, 0, 4, 161.46, 75004, 651, 0, 0
495, 2, 51, 70, 23, 1, 0.99%, 0, 0, 4, 158.64, 75796, 651, 0, 0
500, 2, 51, 70, 23, 1, 0.99%, 0, 0, 4, 167.05, 76693, 651, 0, 0
505, 2, 51, 70, 23, 1, 0.99%, 0, 0, 4, 160.74, 77482, 651, 0, 0
510, 2, 65, 70, 21, 13, 0.99%, 0, 0, 4, 170.01, 78201, 651, 0, 0
515, 2, 57, 70, 19, 11, 0.99%, 0, 0, 4, 177.79, 79138, 651, 0, 0
520, 2, 57, 73, 22, 11, 1.01%, 0, 0, 5, 180.95, 80078, 662, 0, 0
525, 2, 57, 73, 22, 11, 1.01%, 0, 0, 5, 175.83, 80975, 662, 0, 0
531, 2, 57, 73, 22, 11, 1.01%, 0, 0, 5, 182.61, 81926, 662, 0, 0
536, 2, 60, 74, 21, 11, 1.01%, 0, 0, 5, 165.59, 82760, 663, 0, 0
541, 2, 61, 74, 20, 10, 1.01%, 0, 0, 5, 156.40, 83416, 663, 0, 0
546, 2, 64, 74, 19, 9, 1.01%, 0, 0, 5, 161.84, 84216, 663, 0, 0
551, 2, 63, 74, 16, 6, 1.01%, 0, 0, 5, 161.28, 85017, 663, 0, 0
556, 2, 70, 74, 13, 3, 1.01%, 0, 0, 5, 165.81, 85875, 663, 0, 0
561, 2, 71, 75, 13, 3, 1.01%, 0, 0, 6, 168.19, 86736, 665, 0, 0
566, 2, 73, 76, 13, 3, 1.03%, 0, 0, 6, 159.11, 87559, 674, 0, 0
572, 2, 75, 76, 12, 2, 1.03%, 0, 0, 6, 151.63, 88193, 674, 0, 0
577, 2, 74, 78, 13, 1, 1.05%, 0, 0, 7, 157.16, 89014, 690, 0, 0
582, 2, 74, 78, 13, 1, 1.05%, 0, 0, 7, 162.48, 89854, 690, 0, 0
587, 2, 37, 78, 10, 0, 1.05%, 0, 0, 7, 162.14, 90684, 690, 0, 0
592, 2, 58, 78, 9, 0, 1.05%, 0, 0, 7, 157.63, 91467, 690, 0, 0
597, 2, 53, 78, 9, 0, 1.05%, 0, 0, 7, 157.31, 92278, 690, 0, 0
602, 2, 62, 78, 7, 0, 1.05%, 0, 0, 7, 149.24, 92935, 690, 0, 0
607, 2, 4, 78, 7, 0, 1.05%, 0, 0, 7, 166.12, 93803, 690, 0, 0
613, 2, 78, 80, 9, 1, 1.20%, 0, 0, 7, 159.52, 94722, 787, 0, 0
618, 2, 78, 100, 29, 1, 1.26%, 0, 0, 7, 161.93, 95518, 824, 0, 0
623, 2, 78, 106, 35, 1, 1.29%, 0, 0, 7, 153.25, 96283, 844, 0, 0
628, 2, 78, 109, 38, 1, 1.29%, 0, 0, 7, 159.64, 97096, 848, 0, 0
633, 2, 78, 113, 42, 1, 1.30%, 0, 0, 7, 145.34, 97727, 853, 0, 0
638, 2, 78, 113, 42, 1, 1.30%, 0, 0, 7, 155.15, 98514, 853, 0, 0
644, 2, 78, 114, 43, 1, 1.30%, 0, 0, 7, 172.08, 99430, 853, 0, 0
649, 2, 78, 116, 45, 1, 1.31%, 0, 0, 7, 170.95, 100269, 857, 0, 0
654, 2, 78, 117, 46, 1, 1.31%, 0, 0, 7, 161.57, 101056, 859, 0, 0
659, 2, 78, 118, 47, 1, 1.47%, 0, 0, 7, 160.76, 101873, 964, 0, 0
664, 2, 78, 118, 47, 1, 1.47%, 0, 0, 7, 8.05, 102560, 964, 0, 0
669, 2, 78, 119, 48, 1, 1.48%, 0, 0, 7, 174.56, 103437, 971, 0, 0
674, 2, 78, 122, 51, 1, 1.52%, 0, 0, 7, 166.61, 104265, 995, 0, 0
679, 2, 78, 123, 52, 1, 1.56%, 0, 0, 7, 176.49, 105157, 1023, 0, 0
684, 2, 78, 125, 54, 1, 1.56%, 0, 0, 7, 166.59, 105981, 1024, 0, 0
689, 2, 78, 125, 54, 1, 1.56%, 0, 0, 7, 170.19, 106827, 1024, 0, 0
694, 2, 78, 127, 56, 1, 1.57%, 0, 0, 7, 11.09, 107654, 1030, 0, 0
700, 2, 82, 128, 56, 25, 1.57%, 0, 0, 7, 168.60, 108366, 1030, 0, 0
705, 2, 122, 129, 55, 23, 1.58%, 0, 0, 7, 162.78, 109267, 1034, 0, 0
710, 2, 122, 133, 59, 23, 1.59%, 0, 0, 7, 163.99, 110106, 1045, 0, 0
715, 2, 122, 134, 60, 23, 1.59%, 0, 0, 7, 168.53, 110950, 1045, 0, 0
720, 2, 122, 137, 63, 23, 1.60%, 0, 0, 7, 162.28, 111793, 1051, 0, 0
725, 2, 122, 138, 64, 23, 1.61%, 0, 0, 7, 156.58, 112568, 1057, 0, 0
731, 2, 122, 138, 64, 23, 1.61%, 0, 0, 7, 171.07, 113309, 1057, 0, 0
736, 2, 122, 138, 64, 23, 1.61%, 0, 0, 7, 164.70, 114134, 1057, 0, 0
741, 2, 122, 140, 66, 23, 1.62%, 0, 0, 7, 170.59, 115009, 1060, 0, 0
746, 2, 122, 140, 66, 23, 1.62%, 0, 0, 7, 163.72, 115813, 1060, 0, 0
751, 2, 122, 141, 67, 23, 1.64%, 0, 0, 7, 173.49, 116711, 1072, 0, 0
756, 2, 122, 142, 68, 23, 1.64%, 0, 0, 7, 178.53, 117636, 1073, 0, 0
761, 2, 122, 143, 69, 23, 1.64%, 0, 0, 7, 182.59, 118348, 1073, 0, 0
766, 2, 122, 144, 70, 23, 1.64%, 0, 0, 7, 174.78, 119207, 1073, 0, 0
771, 2, 122, 146, 72, 23, 1.69%, 0, 0, 7, 161.20, 120022, 1105, 0, 0
776, 2, 122, 146, 72, 23, 1.69%, 0, 0, 7, 156.66, 120796, 1105, 0, 0
781, 2, 122, 146, 72, 23, 1.69%, 0, 0, 7, 156.30, 121618, 1105, 0, 0
786, 2, 122, 147, 73, 23, 1.71%, 0, 0, 7, 168.62, 122456, 1123, 0, 0
791, 2, 122, 148, 74, 23, 1.73%, 0, 0, 7, 176.17, 123156, 1136, 0, 0
796, 2, 122, 148, 74, 23, 1.73%, 0, 0, 7, 175.86, 124047, 1136, 0, 0
801, 2, 122, 150, 76, 23, 1.75%, 0, 0, 7, 170.89, 124916, 1146, 0, 0
806, 2, 122, 150, 76, 23, 1.75%, 0, 0, 7, 153.20, 125678, 1146, 0, 0
811, 2, 122, 150, 76, 23, 1.75%, 0, 0, 7, 162.51, 126494, 1146, 0, 0
817, 2, 122, 150, 76, 23, 1.75%, 0, 0, 7, 159.92, 127328, 1146, 0, 0
822, 2, 122, 150, 76, 23, 1.75%, 0, 0, 7, 151.24, 127943, 1146, 0, 0
827, 2, 122, 150, 76, 23, 1.75%, 0, 0, 7, 157.40, 128759, 1146, 0, 0
832, 2, 122, 150, 76, 23, 1.75%, 0, 0, 7, 166.28, 129635, 1146, 0, 0
837, 2, 122, 150, 76, 23, 1.75%, 0, 0, 7, 162.63, 130481, 1146, 0, 0
842, 2, 122, 151, 77, 23, 1.75%, 0, 0, 7, 161.81, 131289, 1146, 0, 0
847, 2, 122, 152, 78, 23, 1.75%, 0, 0, 7, 159.05, 132082, 1146, 0, 0
853, 2, 122, 152, 78, 23, 1.75%, 0, 0, 7, 150.56, 132730, 1146, 0, 0
858, 2, 122, 152, 78, 23, 1.75%, 0, 0, 7, 163.47, 133573, 1146, 0, 0
863, 2, 122, 152, 78, 23, 1.75%, 0, 0, 7, 152.25, 134356, 1146, 0, 0
868, 2, 122, 152, 78, 23, 1.75%, 0, 0, 7, 155.91, 135151, 1146, 0, 0
873, 2, 122, 152, 78, 23, 1.75%, 0, 0, 7, 154.19, 135955, 1146, 0, 0
878, 2, 122, 152, 78, 23, 1.75%, 0, 0, 7, 154.13, 136723, 1146, 0, 0
883, 2, 122, 152, 78, 23, 1.75%, 0, 0, 7, 147.39, 137349, 1146, 0, 0
888, 2, 122, 152, 78, 23, 1.75%, 0, 0, 7, 153.27, 138121, 1146, 0, 0
893, 2, 122, 154, 80, 23, 1.75%, 0, 0, 7, 158.78, 138921, 1148, 0, 0
898, 2, 122, 154, 80, 23, 1.75%, 0, 0, 7, 162.86, 139728, 1148, 0, 0
903, 2, 122, 154, 80, 23, 1.75%, 0, 0, 7, 163.15, 140577, 1148, 0, 0
908, 2, 122, 154, 80, 23, 1.75%, 0, 0, 7, 164.92, 141426, 1148, 0, 0
914, 2, 122, 154, 80, 23, 1.75%, 0, 0, 7, 153.44, 141990, 1148, 0, 0
919, 2, 122, 154, 80, 23, 1.75%, 0, 0, 7, 160.13, 142791, 1148, 0, 0
924, 2, 122, 154, 80, 23, 1.75%, 0, 0, 7, 155.31, 143574, 1148, 0, 0
929, 2, 122, 154, 80, 23, 1.75%, 0, 0, 7, 156.59, 144360, 1148, 0, 0
934, 2, 122, 154, 80, 23, 1.75%, 0, 0, 7, 152.84, 145134, 1148, 0, 0
939, 2, 122, 154, 80, 23, 1.75%, 0, 0, 7, 163.55, 145989, 1148, 0, 0
944, 2, 122, 154, 80, 23, 1.75%, 0, 0, 7, 4.14, 146601, 1148, 0, 0
949, 2, 122, 154, 80, 23, 1.75%, 0, 0, 7, 163.70, 147441, 1148, 0, 0
954, 2, 122, 155, 81, 23, 1.76%, 0, 0, 7, 158.02, 148228, 1152, 0, 0
959, 2, 85, 155, 80, 35, 1.76%, 0, 0, 7, 153.20, 148996, 1152, 0, 0
964, 2, 89, 156, 80, 34, 1.76%, 0, 0, 7, 158.23, 149812, 1152, 0, 0
970, 2, 153, 159, 82, 33, 1.77%, 0, 0, 8, 153.83, 150584, 1160, 0, 0
975, 2, 153, 161, 84, 33, 1.77%, 0, 0, 8, 1.40, 151280, 1160, 0, 0
980, 2, 153, 162, 85, 33, 1.77%, 0, 0, 8, 152.51, 152057, 1160, 0, 0
985, 2, 153, 163, 86, 33, 1.78%, 0, 0, 8, 153.03, 152832, 1166, 0, 0
990, 2, 153, 163, 86, 33, 1.78%, 0, 0, 8, 153.20, 153615, 1166, 0, 0
996, 2, 153, 163, 86, 33, 1.78%, 0, 0, 8, 159.10, 154452, 1166, 0, 0
1001, 2, 153, 163, 86, 33, 1.78%, 0, 0, 8, 159.04, 155277, 1166, 0, 0
1006, 2, 153, 163, 86, 33, 1.78%, 0, 0, 8, 11.97, 155994, 1166, 0, 0
1012, 2, 153, 163, 86, 33, 1.78%, 0, 0, 8, 160.37, 156819, 1166, 0, 0
1017, 2, 153, 163, 86, 33, 1.78%, 0, 0, 8, 167.45, 157659, 1166, 0, 0
1022, 2, 153, 163, 86, 33, 1.78%, 0, 0, 8, 147.55, 158410, 1166, 0, 0
1027, 2, 153, 163, 86, 33, 1.78%, 0, 0, 8, 148.79, 159156, 1166, 0, 0
1032, 2, 153, 163, 86, 33, 1.78%, 0, 0, 8, 147.80, 159922, 1166, 0, 0
1037, 2, 153, 163, 86, 33, 1.78%, 0, 0, 8, 2.79, 160584, 1166, 0, 0
1043, 2, 153, 163, 86, 33, 1.78%, 0, 0, 8, 160.31, 161424, 1166, 0, 0
1048, 2, 153, 163, 86, 33, 1.78%, 0, 0, 8, 160.65, 162228, 1166, 0, 0
1053, 2, 153, 164, 87, 33, 2.03%, 0, 0, 8, 146.79, 162955, 1329, 0, 0
1059, 2, 103, 164, 85, 31, 2.03%, 0, 0, 8, 157.23, 163962, 1329, 0, 0
1064, 2, 114, 164, 83, 29, 2.03%, 0, 0, 8, 157.71, 164871, 1329, 0, 0
1070, 2, 100, 164, 82, 28, 2.03%, 0, 0, 8, 161.91, 165513, 1329, 0, 0
1075, 2, 106, 164, 80, 26, 2.03%, 0, 0, 8, 147.77, 166292, 1329, 0, 0
1080, 2, 111, 164, 79, 25, 2.03%, 0, 0, 8, 126.90, 166906, 1329, 0, 0
1085, 2, 111, 164, 79, 25, 2.03%, 0, 0, 8, 132.28, 167588, 1329, 0, 0
1091, 2, 157, 165, 79, 24, 2.03%, 0, 0, 9, 137.15, 168308, 1329, 0, 0
1096, 2, 157, 167, 81, 24, 2.03%, 0, 0, 9, 141.89, 169048, 1329, 0, 0
1101, 2, 157, 167, 81, 24, 2.03%, 0, 0, 9, 152.68, 169642, 1329, 0, 0
1106, 2, 157, 167, 81, 24, 2.03%, 0, 0, 9, 159.73, 170470, 1329, 0, 0
1111, 2, 115, 167, 79, 22, 2.03%, 0, 0, 9, 150.05, 171267, 1329, 0, 0
1116, 2, 115, 167, 79, 22, 2.03%, 0, 0, 9, 139.00, 171958, 1329, 0, 0
1123, 2, 115, 167, 79, 22, 2.03%, 0, 0, 9, 132.94, 172815, 1329, 0, 0
1128, 2, 116, 168, 79, 21, 2.03%, 0, 0, 9, 130.37, 173519, 1329, 0, 0
1133, 2, 117, 170, 80, 20, 2.03%, 0, 0, 9, 134.19, 174052, 1333, 0, 0
1138, 2, 117, 173, 83, 20, 2.04%, 0, 0, 9, 147.06, 174818, 1335, 0, 0
1143, 2, 117, 175, 85, 20, 2.04%, 0, 0, 9, 151.28, 175617, 1335, 0, 0
1148, 2, 117, 176, 86, 20, 2.04%, 0, 0, 9, 161.59, 176443, 1335, 0, 0
1154, 2, 117, 176, 86, 20, 2.04%, 0, 0, 9, 158.71, 177244, 1335, 0, 0
1159, 2, 117, 176, 86, 20, 2.04%, 0, 0, 9, 159.20, 178042, 1335, 0, 0
1164, 2, 117, 176, 86, 20, 2.04%, 0, 0, 9, 169.65, 178684, 1335, 0, 0
1169, 2, 117, 177, 87, 20, 2.04%, 0, 0, 9, 161.07, 179471, 1335, 0, 0
1174, 2, 117, 177, 87, 20, 2.04%, 0, 0, 9, 142.13, 180194, 1335, 0, 0
1179, 2, 117, 178, 88, 20, 2.04%, 0, 0, 9, 136.41, 180863, 1335, 0, 0
1184, 2, 117, 178, 88, 20, 2.04%, 0, 0, 9, 150.49, 181639, 1335, 0, 0
1189, 2, 117, 178, 88, 20, 2.04%, 0, 0, 9, 161.15, 182445, 1335, 0, 0
1194, 2, 117, 178, 88, 20, 2.04%, 0, 0, 9, 173.84, 183117, 1335, 0, 0
1200, 2, 120, 179, 88, 22, 2.04%, 0, 0, 9, 168.89, 184090, 1335, 0, 0
1205, 2, 121, 180, 88, 21, 2.04%, 0, 0, 9, 166.97, 184918, 1335, 0, 0
1211, 2, 134, 180, 86, 20, 2.04%, 0, 0, 9, 162.72, 185936, 1335, 0, 0
1217, 2, 144, 180, 85, 19, 2.04%, 0, 0, 9, 160.79, 186754, 1335, 0, 0
1222, 2, 171, 180, 83, 17, 2.04%, 0, 0, 9, 156.92, 187543, 1335, 0, 0
1227, 2, 132, 180, 81, 15, 2.04%, 0, 0, 9, 140.99, 188083, 1335, 0, 0
1232, 2, 146, 180, 80, 14, 2.04%, 0, 0, 9, 157.83, 189000, 1335, 0, 0
1237, 2, 135, 180, 78, 12, 2.04%, 0, 0, 9, 158.37, 189834, 1335, 0, 0
1244, 2, 139, 180, 76, 11, 2.04%, 0, 0, 9, 155.66, 190815, 1335, 0, 0
1249, 2, 143, 180, 75, 10, 2.04%, 0, 0, 9, 152.67, 191551, 1335, 0, 0
1254, 2, 141, 180, 73, 8, 2.04%, 0, 0, 9, 150.75, 192356, 1335, 0, 0
1259, 2, 136, 180, 72, 7, 2.04%, 0, 0, 9, 167.62, 193001, 1335, 0, 0
1264, 2, 154, 180, 70, 5, 2.04%, 0, 0, 9, 159.70, 193805, 1335, 0, 0
1270, 2, 148, 180, 69, 4, 2.04%, 0, 0, 9, 161.16, 194639, 1335, 0, 0
1276, 2, 119, 180, 67, 2, 2.04%, 0, 0, 9, 156.84, 195651, 1335, 0, 0
1281, 2, 163, 191, 77, 2, 2.12%, 0, 0, 9, 158.96, 196462, 1391, 0, 0
1287, 2, 163, 196, 82, 2, 2.15%, 0, 0, 9, 2.82, 197108, 1410, 0, 0
1292, 2, 163, 204, 90, 2, 2.18%, 0, 0, 9, 143.68, 197842, 1430, 0, 0
1297, 2, 163, 206, 92, 2, 2.19%, 0, 0, 9, 159.87, 198661, 1434, 0, 0
1302, 2, 163, 212, 98, 2, 2.40%, 0, 0, 9, 163.02, 199477, 1572, 0, 0
1307, 2, 163, 213, 99, 2, 2.40%, 0, 0, 9, 161.89, 200279, 1576, 0, 0
1312, 2, 163, 215, 101, 2, 2.42%, 0, 0, 9, 158.50, 201118, 1583, 0, 0
1318, 2, 163, 217, 103, 2, 2.42%, 0, 0, 9, 4.19, 201831, 1583, 0, 0
1323, 2, 163, 217, 103, 2, 2.42%, 0, 0, 9, 165.03, 202698, 1583, 0, 0
1328, 2, 163, 218, 104, 2, 2.42%, 0, 0, 9, 158.62, 203491, 1583, 0, 0
1333, 2, 169, 218, 103, 16, 2.42%, 0, 0, 9, 153.95, 204240, 1583, 0, 0
1338, 2, 187, 218, 102, 15, 2.42%, 0, 0, 9, 160.86, 205078, 1583, 0, 0
1343, 2, 184, 218, 101, 14, 2.42%, 0, 0, 9, 165.77, 205921, 1583, 0, 0
1348, 2, 186, 221, 103, 13, 2.42%, 0, 0, 10, 160.51, 206693, 1585, 0, 0
1353, 2, 186, 224, 106, 13, 2.42%, 0, 0, 10, 163.57, 207388, 1585, 0, 0
1358, 2, 186, 224, 106, 13, 2.42%, 0, 0, 10, 154.50, 208147, 1585, 0, 0
1364, 2, 186, 224, 106, 13, 2.42%, 0, 0, 10, 164.85, 209014, 1585, 0, 0
1369, 2, 186, 226, 108, 13, 2.42%, 0, 0, 10, 158.92, 209811, 1585, 0, 0
1374, 2, 186, 227, 109, 13, 2.42%, 0, 0, 10, 161.03, 210622, 1589, 0, 0
1379, 2, 186, 228, 110, 13, 2.43%, 0, 0, 10, 160.23, 211433, 1593, 0, 0
1384, 2, 186, 228, 110, 13, 2.43%, 0, 0, 10, 164.78, 212075, 1593, 0, 0
1389, 2, 186, 229, 111, 13, 2.43%, 0, 0, 10, 163.68, 212916, 1593, 0, 0
1394, 2, 186, 231, 113, 13, 2.43%, 0, 0, 10, 158.32, 213716, 1595, 0, 0
1399, 2, 186, 232, 114, 13, 2.48%, 0, 0, 10, 162.36, 214533, 1627, 0, 0
1404, 2, 186, 234, 116, 13, 2.49%, 0, 0, 10, 163.22, 215360, 1631, 0, 0
1409, 2, 186, 234, 116, 13, 2.49%, 0, 0, 10, 163.77, 216191, 1631, 0, 0
1414, 2, 186, 234, 116, 13, 2.49%, 0, 0, 10, 163.91, 216848, 1631, 0, 0
1419, 2, 186, 235, 117, 13, 2.49%, 0, 0, 10, 167.93, 217701, 1631, 0, 0
1425, 2, 186, 235, 117, 13, 2.49%, 0, 0, 10, 166.26, 218556, 1631, 0, 0
1430, 2, 186, 236, 118, 13, 2.49%, 0, 0, 10, 165.45, 219385, 1631, 0, 0
1435, 2, 186, 237, 119, 13, 2.49%, 0, 0, 10, 167.98, 220229, 1631, 0, 0
1440, 2, 186, 237, 119, 13, 2.49%, 0, 0, 10, 163.72, 221054, 1631, 0, 0
1445, 2, 186, 237, 119, 13, 2.49%, 0, 0, 10, 158.46, 221672, 1631, 0, 0
1450, 2, 186, 237, 119, 13, 2.49%, 0, 0, 10, 160.34, 222426, 1631, 0, 0
1455, 2, 186, 238, 120, 13, 2.49%, 0, 0, 10, 171.31, 223300, 1631, 0, 0
1460, 2, 186, 238, 120, 13, 2.49%, 0, 0, 10, 174.07, 224218, 1631, 0, 0
1465, 2, 186, 238, 120, 13, 2.49%, 0, 0, 10, 171.91, 225067, 1631, 0, 0
1470, 2, 186, 238, 120, 13, 2.49%, 0, 0, 10, 162.24, 225871, 1631, 0, 0
1475, 2, 186, 238, 120, 13, 2.49%, 0, 0, 10, 162.61, 226525, 1631, 0, 0
1480, 2, 186, 238, 120, 13, 2.49%, 0, 0, 10, 166.57, 227407, 1631, 0, 0
1485, 2, 186, 238, 120, 13, 2.49%, 0, 0, 10, 160.39, 228232, 1631, 0, 0
1490, 2, 186, 238, 120, 13, 2.49%, 0, 0, 10, 160.21, 229027, 1631, 0, 0
1495, 2, 186, 239, 121, 13, 2.49%, 0, 0, 10, 167.07, 229877, 1631, 0, 0
1501, 2, 186, 239, 121, 13, 2.49%, 0, 0, 10, 162.08, 230726, 1631, 0, 0
1506, 2, 186, 239, 121, 13, 2.49%, 0, 0, 10, 151.86, 231368, 1631, 0, 0
1511, 2, 186, 239, 121, 13, 2.49%, 0, 0, 10, 163.21, 232229, 1631, 0, 0
1516, 2, 186, 239, 121, 13, 2.49%, 0, 0, 10, 164.77, 233039, 1631, 0, 0
1521, 2, 186, 239, 121, 13, 2.49%, 0, 0, 10, 173.93, 233966, 1631, 0, 0
1526, 2, 186, 239, 121, 13, 2.49%, 0, 0, 10, 159.52, 234752, 1631, 0, 0
1531, 2, 186, 239, 121, 13, 2.49%, 0, 0, 10, 153.70, 235514, 1631, 0, 0
1536, 2, 194, 240, 121, 20, 2.49%, 0, 0, 10, 146.19, 236094, 1631, 0, 0
1541, 2, 195, 241, 121, 19, 2.49%, 0, 0, 10, 154.51, 236905, 1631, 0, 0
1546, 2, 195, 242, 122, 19, 2.50%, 0, 0, 10, 157.28, 237701, 1637, 0, 0
1551, 2, 195, 243, 123, 19, 2.50%, 0, 0, 10, 157.94, 238479, 1637, 0, 0
1556, 2, 195, 244, 124, 19, 2.50%, 0, 0, 10, 151.22, 239242, 1637, 0, 0
1562, 2, 195, 244, 124, 19, 2.50%, 0, 0, 10, 145.99, 240002, 1637, 0, 0
1567, 2, 195, 244, 124, 19, 2.50%, 0, 0, 10, 6.09, 240680, 1637, 0, 0
1572, 2, 195, 244, 124, 19, 2.50%, 0, 0, 10, 149.92, 241474, 1637, 0, 0
1577, 2, 200, 244, 123, 19, 2.50%, 0, 0, 10, 159.86, 242289, 1637, 0, 0
1582, 2, 200, 246, 125, 19, 2.50%, 0, 0, 10, 157.46, 243083, 1637, 0, 0
1587, 2, 200, 247, 126, 19, 2.50%, 0, 0, 10, 164.10, 243897, 1637, 0, 0
1592, 2, 200, 248, 127, 19, 2.50%, 0, 0, 10, 162.95, 244705, 1640, 0, 0
1597, 2, 200, 248, 127, 19, 2.50%, 0, 0, 10, 10.77, 245428, 1640, 0, 0
1603, 2, 200, 248, 127, 19, 2.50%, 0, 0, 10, 156.31, 246127, 1640, 0, 0
1608, 2, 200, 249, 128, 19, 2.50%, 0, 0, 10, 158.00, 246941, 1640, 0, 0
1613, 2, 200, 249, 128, 19, 2.50%, 0, 0, 10, 157.94, 247727, 1640, 0, 0
1618, 2, 200, 249, 128, 19, 2.50%, 0, 0, 10, 156.74, 248507, 1640, 0, 0
1623, 2, 200, 250, 129, 19, 2.50%, 0, 0, 10, 151.73, 249279, 1640, 0, 0
1629, 2, 200, 250, 129, 19, 2.50%, 0, 0, 10, 14.90, 250047, 1640, 0, 0
1634, 2, 200, 250, 129, 19, 2.50%, 0, 0, 10, 152.86, 250707, 1640, 0, 0
1639, 2, 200, 250, 129, 19, 2.50%, 0, 0, 10, 159.18, 251541, 1640, 0, 0
1644, 2, 203, 250, 128, 20, 2.50%, 0, 0, 10, 164.81, 252387, 1640, 0, 0
1649, 2, 203, 252, 130, 20, 2.51%, 0, 0, 10, 158.17, 253184, 1647, 0, 0
1654, 2, 203, 252, 130, 20, 2.51%, 0, 0, 10, 165.97, 254054, 1647, 0, 0
1660, 2, 203, 253, 131, 20, 2.51%, 0, 0, 10, 154.58, 254853, 1648, 0, 0
1665, 2, 203, 253, 131, 20, 2.51%, 0, 0, 10, 162.96, 255576, 1648, 0, 0
1670, 2, 203, 254, 132, 20, 2.52%, 0, 0, 10, 158.01, 256363, 1650, 0, 0
1675, 2, 203, 254, 132, 20, 2.52%, 0, 0, 10, 159.10, 257179, 1650, 0, 0
1680, 2, 203, 255, 133, 20, 2.52%, 0, 0, 10, 154.52, 257966, 1650, 0, 0
1685, 2, 203, 256, 134, 20, 2.52%, 0, 0, 10, 157.75, 258750, 1650, 0, 0
1692, 2, 205, 256, 133, 22, 2.52%, 0, 0, 10, 151.26, 259609, 1650, 0, 0
1698, 2, 213, 256, 132, 21, 2.52%, 0, 0, 10, 150.49, 260550, 1650, 0, 0
1703, 2, 213, 256, 132, 21, 2.52%, 0, 0, 10, 156.93, 261381, 1650, 0, 0
1708, 2, 207, 258, 133, 20, 2.52%, 0, 0, 10, 164.32, 262210, 1650, 0, 0
1714, 2, 210, 264, 138, 19, 2.52%, 0, 0, 10, 154.22, 263092, 1651, 0, 0
1719, 2, 210, 284, 158, 19, 2.53%, 0, 0, 10, 135.66, 263765, 1656, 0, 0
1724, 2, 210, 285, 159, 19, 2.57%, 0, 0, 10, 153.05, 264268, 1686, 0, 0
1729, 2, 210, 288, 162, 19, 2.58%, 0, 0, 10, 145.53, 264988, 1688, 0, 0
1734, 2, 210, 291, 165, 19, 2.58%, 0, 0, 10, 135.96, 265657, 1688, 0, 0
1739, 2, 210, 292, 166, 19, 2.58%, 0, 0, 10, 112.25, 266320, 1689, 0, 0
1745, 2, 210, 293, 167, 19, 2.58%, 0, 0, 10, 149.42, 267133, 1689, 0, 0
1750, 2, 210, 293, 167, 19, 2.58%, 0, 0, 10, 144.67, 267869, 1689, 0, 0
1755, 2, 210, 294, 168, 19, 2.58%, 0, 0, 10, 143.44, 268470, 1689, 0, 0
1760, 2, 210, 296, 170, 19, 2.58%, 0, 0, 10, 166.07, 269325, 1689, 0, 0
1765, 2, 210, 297, 171, 19, 2.58%, 0, 0, 10, 155.35, 270079, 1689, 0, 0
1770, 2, 210, 297, 171, 19, 2.58%, 0, 0, 10, 155.82, 270883, 1689, 0, 0
1775, 2, 210, 297, 171, 19, 2.58%, 0, 0, 10, 153.05, 271642, 1689, 0, 0
1780, 2, 210, 297, 171, 19, 2.58%, 0, 0, 10, 158.20, 272440, 1689, 0, 0
1785, 2, 210, 297, 171, 19, 2.58%, 0, 0, 10, 4.24, 273070, 1689, 0, 0
1790, 2, 210, 297, 171, 19, 2.58%, 0, 0, 10, 157.70, 273868, 1689, 0, 0
1795, 2, 210, 297, 171, 19, 2.58%, 0, 0, 10, 162.42, 274687, 1689, 0, 0
1800, 2, 210, 298, 172, 19, 2.62%, 0, 0, 10, 160.16, 275513, 1715, 0, 0
1806, 2, 210, 298, 172, 19, 2.62%, 0, 0, 10, 151.29, 276266, 1715, 0, 0
1811, 2, 210, 299, 173, 19, 2.62%, 0, 0, 10, 156.22, 277065, 1715, 0, 0
1816, 2, 210, 299, 173, 19, 2.62%, 0, 0, 10, 16.51, 277773, 1715, 0, 0
1821, 2, 210, 299, 173, 19, 2.62%, 0, 0, 10, 153.77, 278457, 1715, 0, 0
1826, 2, 210, 299, 173, 19, 2.62%, 0, 0, 10, 161.55, 279318, 1715, 0, 0
1831, 2, 210, 299, 173, 19, 2.62%, 0, 0, 10, 152.26, 280101, 1715, 0, 0
1836, 2, 210, 299, 173, 19, 2.62%, 0, 0, 10, 159.87, 280923, 1715, 0, 0
1841, 2, 210, 299, 173, 19, 2.62%, 0, 0, 10, 158.36, 281721, 1715, 0, 0
1846, 2, 210, 299, 173, 19, 2.62%, 0, 0, 10, 150.91, 282480, 1715, 0, 0
1852, 2, 210, 300, 174, 19, 2.62%, 0, 0, 10, 144.57, 283076, 1715, 0, 0
1857, 2, 210, 301, 175, 19, 2.62%, 0, 0, 10, 149.43, 283838, 1715, 0, 0
1862, 2, 210, 302, 176, 19, 2.62%, 0, 0, 10, 155.15, 284643, 1715, 0, 0
1867, 2, 210, 302, 176, 19, 2.62%, 0, 0, 10, 155.01, 285426, 1715, 0, 0
1872, 2, 210, 302, 176, 19, 2.62%, 0, 0, 10, 154.67, 286242, 1715, 0, 0
1877, 2, 210, 302, 176, 19, 2.62%, 0, 0, 10, 149.97, 287002, 1715, 0, 0
1882, 2, 210, 302, 176, 19, 2.62%, 0, 0, 10, 125.87, 287496, 1715, 0, 0
1887, 2, 210, 302, 176, 19, 2.62%, 0, 0, 10, 155.72, 288339, 1715, 0, 0
1893, 2, 210, 302, 176, 19, 2.62%, 0, 0, 10, 156.59, 289143, 1715, 0, 0
1898, 2, 210, 302, 176, 19, 2.62%, 0, 0, 10, 154.09, 289926, 1715, 0, 0
1903, 2, 210, 303, 177, 19, 2.62%, 0, 0, 10, 142.68, 290631, 1715, 0, 0
1908, 2, 210, 303, 177, 19, 2.62%, 0, 0, 10, 154.20, 291433, 1715, 0, 0
1913, 2, 210, 303, 177, 19, 2.62%, 0, 0, 10, 153.43, 292048, 1715, 0, 0
1918, 2, 210, 303, 177, 19, 2.62%, 0, 0, 10, 159.90, 292864, 1715, 0, 0
1923, 2, 217, 304, 177, 26, 2.62%, 0, 0, 10, 154.71, 293635, 1717, 0, 0
1928, 2, 217, 307, 180, 26, 2.62%, 0, 0, 10, 156.46, 294439, 1717, 0, 0
1933, 2, 217, 307, 180, 26, 2.62%, 0, 0, 10, 160.65, 295246, 1717, 0, 0
1938, 2, 217, 307, 180, 26, 2.62%, 0, 0, 10, 167.47, 296095, 1717, 0, 0
1943, 2, 217, 307, 180, 26, 2.62%, 0, 0, 10, 161.14, 296704, 1717, 0, 0
1948, 2, 217, 307, 180, 26, 2.62%, 0, 0, 10, 163.46, 297532, 1717, 0, 0
1953, 2, 217, 307, 180, 26, 2.62%, 0, 0, 10, 153.92, 298276, 1717, 0, 0
1958, 2, 217, 307, 180, 26, 2.62%, 0, 0, 10, 161.51, 299089, 1717, 0, 0
1963, 2, 217, 308, 181, 26, 2.62%, 0, 0, 10, 151.12, 299849, 1717, 0, 0
1968, 2, 217, 308, 181, 26, 2.62%, 0, 0, 10, 154.45, 300644, 1717, 0, 0
1973, 2, 219, 309, 181, 27, 2.62%, 0, 0, 11, 151.43, 301255, 1718, 0, 0
1978, 2, 219, 310, 182, 27, 2.62%, 0, 0, 11, 155.81, 302045, 1718, 0, 0
1983, 2, 219, 310, 182, 27, 2.62%, 0, 0, 11, 152.38, 302804, 1718, 0, 0
1988, 2, 222, 313, 183, 27, 2.62%, 0, 0, 11, 154.70, 303625, 1719, 0, 0
1994, 2, 222, 314, 184, 27, 2.62%, 0, 0, 11, 150.05, 304395, 1719, 0, 0
1999, 2, 222, 314, 184, 27, 2.62%, 0, 0, 11, 129.25, 305014, 1719, 0, 0
2004, 2, 222, 314, 184, 27, 2.62%, 0, 0, 11, 164.18, 305621, 1719, 0, 0
2009, 2, 229, 314, 183, 26, 2.62%, 0, 0, 11, 152.45, 306382, 1719, 0, 0
2014, 2, 226, 314, 182, 25, 2.62%, 0, 0, 11, 153.45, 307123, 1719, 0, 0
2019, 2, 293, 316, 183, 24, 2.62%, 0, 0, 11, 159.63, 307955, 1719, 0, 0
2024, 2, 293, 316, 183, 24, 2.62%, 0, 0, 11, 157.72, 308750, 1719, 0, 0
2029, 2, 293, 316, 183, 24, 2.62%, 0, 0, 11, 154.70, 309545, 1719, 0, 0
2034, 2, 293, 318, 185, 24, 2.67%, 0, 0, 11, 15.62, 310234, 1748, 0, 0
2039, 2, 293, 319, 186, 24, 2.67%, 0, 0, 11, 157.74, 310922, 1748, 0, 0
2044, 2, 293, 319, 186, 24, 2.67%, 0, 0, 11, 158.49, 311705, 1748, 0, 0
2049, 2, 293, 320, 187, 24, 2.67%, 0, 0, 11, 154.79, 312462, 1748, 0, 0
2054, 2, 293, 320, 187, 24, 2.67%, 0, 0, 11, 152.28, 313239, 1748, 0, 0
2059, 2, 293, 320, 187, 24, 2.67%, 0, 0, 11, 156.12, 314061, 1748, 0, 0
2064, 2, 293, 320, 187, 24, 2.67%, 0, 0, 11, 155.24, 314829, 1748, 0, 0
2069, 2, 227, 320, 186, 24, 2.67%, 0, 0, 11, 162.57, 315452, 1748, 0, 0
2075, 2, 316, 327, 192, 23, 2.67%, 0, 0, 12, 163.53, 316292, 1748, 0, 0
2080, 2, 316, 330, 195, 23, 2.67%, 0, 0, 12, 158.50, 317100, 1748, 0, 0
2085, 2, 316, 332, 197, 23, 2.67%, 0, 0, 12, 160.09, 317930, 1749, 0, 0
2090, 2, 316, 333, 198, 23, 2.68%, 0, 0, 12, 160.25, 318732, 1755, 0, 0
2095, 2, 316, 335, 200, 23, 2.68%, 0, 0, 12, 156.10, 319529, 1759, 0, 0
2100, 2, 316, 336, 201, 23, 2.69%, 0, 0, 12, 150.53, 320138, 1766, 0, 0
2105, 2, 316, 336, 201, 23, 2.69%, 0, 0, 12, 158.17, 320937, 1766, 0, 0
2110, 2, 316, 336, 201, 23, 2.69%, 0, 0, 12, 153.47, 321720, 1766, 0, 0
2116, 2, 316, 336, 201, 23, 2.69%, 0, 0, 12, 157.32, 322530, 1766, 0, 0
2121, 2, 316, 337, 202, 23, 2.69%, 0, 0, 12, 154.98, 323314, 1766, 0, 0
2126, 2, 316, 337, 202, 23, 2.69%, 0, 0, 12, 148.96, 324073, 1766, 0, 0
2131, 2, 316, 337, 202, 23, 2.69%, 0, 0, 12, 162.20, 324688, 1766, 0, 0
2136, 2, 316, 337, 202, 23, 2.69%, 0, 0, 12, 154.37, 325471, 1766, 0, 0
2141, 2, 316, 338, 203, 23, 2.69%, 0, 0, 12, 155.43, 326282, 1766, 0, 0
2146, 2, 316, 338, 203, 23, 2.69%, 0, 0, 12, 164.33, 327143, 1766, 0, 0
2152, 2, 316, 338, 203, 23, 2.69%, 0, 0, 12, 156.44, 327977, 1766, 0, 0
2157, 2, 316, 339, 204, 23, 2.69%, 0, 0, 12, 151.88, 328734, 1766, 0, 0
2162, 2, 316, 339, 204, 23, 2.69%, 0, 0, 12, 133.61, 329317, 1766, 0, 0
2167, 2, 316, 339, 204, 23, 2.69%, 0, 0, 12, 146.65, 330073, 1766, 0, 0
2172, 2, 316, 340, 205, 23, 2.70%, 0, 0, 12, 155.70, 330895, 1768, 0, 0
2177, 2, 316, 340, 205, 23, 2.70%, 0, 0, 12, 155.84, 331691, 1768, 0, 0
2182, 2, 316, 341, 206, 23, 2.70%, 0, 0, 12, 155.90, 332478, 1768, 0, 0
2187, 2, 316, 342, 207, 23, 2.70%, 0, 0, 12, 155.64, 333276, 1768, 0, 0
2193, 2, 316, 342, 207, 23, 2.70%, 0, 0, 12, 153.83, 333874, 1768, 0, 0
2198, 2, 316, 342, 207, 23, 2.70%, 0, 0, 12, 148.83, 334612, 1768, 0, 0
2203, 2, 316, 342, 207, 23, 2.70%, 0, 0, 12, 150.93, 335383, 1768, 0, 0
2208, 2, 316, 345, 210, 23, 2.70%, 0, 0, 12, 159.00, 336226, 1768, 0, 0
2213, 2, 316, 345, 210, 23, 2.70%, 0, 0, 12, 145.30, 336962, 1768, 0, 0
2218, 2, 316, 345, 210, 23, 2.70%, 0, 0, 12, 146.05, 337712, 1768, 0, 0
2223, 2, 316, 345, 210, 23, 2.70%, 0, 0, 12, 158.65, 338314, 1768, 0, 0
2228, 2, 316, 345, 210, 23, 2.70%, 0, 0, 12, 142.79, 339056, 1768, 0, 0
2234, 2, 316, 345, 210, 23, 2.70%, 0, 0, 12, 136.45, 339756, 1768, 0, 0
2239, 2, 316, 345, 210, 23, 2.70%, 0, 0, 12, 154.74, 340546, 1768, 0, 0
2244, 2, 316, 345, 210, 23, 2.70%, 0, 0, 12, 156.95, 341347, 1768, 0, 0
2249, 2, 316, 345, 210, 23, 2.70%, 0, 0, 12, 152.20, 342115, 1768, 0, 0
2254, 2, 316, 345, 210, 23, 2.70%, 0, 0, 12, 158.56, 342730, 1768, 0, 0
2259, 2, 316, 345, 210, 23, 2.70%, 0, 0, 12, 162.04, 343579, 1768, 0, 0
2264, 2, 316, 345, 210, 23, 2.70%, 0, 0, 12, 154.57, 344380, 1768, 0, 0
2270, 2, 316, 345, 210, 23, 2.70%, 0, 0, 12, 161.09, 345214, 1768, 0, 0
2275, 2, 230, 346, 210, 24, 2.75%, 0, 0, 12, 138.32, 345885, 1799, 0, 0
2280, 2, 230, 347, 211, 24, 2.75%, 0, 0, 12, 133.78, 346621, 1799, 0, 0
2287, 2, 231, 350, 213, 23, 2.75%, 0, 0, 12, 128.44, 347274, 1799, 0, 0
2292, 2, 231, 354, 217, 23, 2.75%, 0, 0, 12, 136.84, 347976, 1799, 0, 0
2297, 2, 231, 354, 217, 23, 2.75%, 0, 0, 12, 153.52, 348762, 1799, 0, 0
2302, 2, 231, 354, 217, 23, 2.75%, 0, 0, 12, 150.79, 349527, 1799, 0, 0
2307, 2, 233, 354, 216, 22, 2.75%, 0, 0, 12, 154.93, 350321, 1799, 0, 0
2312, 2, 241, 355, 215, 21, 2.75%, 0, 0, 12, 155.82, 351167, 1802, 0, 0
2317, 2, 247, 355, 214, 20, 2.75%, 0, 0, 12, 153.52, 351774, 1802, 0, 0
2322, 2, 250, 357, 215, 19, 2.75%, 0, 0, 12, 150.57, 352539, 1802, 0, 0
2328, 2, 236, 357, 214, 18, 2.75%, 0, 0, 12, 157.41, 353359, 1802, 0, 0
2333, 2, 269, 359, 215, 18, 2.75%, 0, 0, 12, 152.73, 354143, 1802, 0, 0
2338, 2, 122, 360, 215, 17, 2.75%, 0, 0, 12, 157.21, 354948, 1802, 0, 0
2343, 2, 285, 363, 218, 17, 2.75%, 0, 0, 12, 155.50, 355745, 1802, 0, 0
2348, 2, 285, 367, 222, 17, 2.75%, 0, 0, 12, 180.10, 356385, 1802, 0, 0
2353, 2, 285, 368, 223, 17, 2.75%, 0, 0, 12, 153.93, 357142, 1802, 0, 0
2358, 2, 285, 369, 224, 17, 2.75%, 0, 0, 12, 150.10, 357902, 1804, 0, 0
2363, 2, 285, 370, 225, 17, 2.75%, 0, 0, 12, 148.98, 358673, 1804, 0, 0
2369, 2, 285, 370, 225, 17, 2.75%, 0, 0, 12, 150.40, 359481, 1804, 0, 0
2374, 2, 285, 372, 227, 17, 2.75%, 0, 0, 12, 158.62, 360281, 1804, 0, 0
2379, 2, 285, 372, 227, 17, 2.75%, 0, 0, 12, 162.66, 360959, 1804, 0, 0
2384, 2, 285, 372, 227, 17, 2.75%, 0, 0, 12, 166.47, 361808, 1804, 0, 0
2389, 2, 285, 375, 230, 17, 2.76%, 0, 0, 12, 161.03, 362600, 1806, 0, 0
2396, 2, 350, 376, 229, 15, 2.76%, 0, 0, 12, 153.13, 363743, 1806, 0, 0
2401, 2, 354, 377, 229, 14, 2.76%, 0, 0, 12, 155.08, 364557, 1806, 0, 0
2407, 2, 265, 377, 228, 14, 2.76%, 0, 0, 12, 152.13, 365341, 1806, 0, 0
2412, 2, 279, 378, 228, 13, 2.76%, 0, 0, 12, 169.84, 366023, 1806, 0, 0
2417, 2, 339, 378, 227, 12, 2.76%, 0, 0, 12, 161.74, 366813, 1806, 0, 0
2422, 2, 200, 378, 225, 10, 2.76%, 0, 0, 12, 162.98, 367673, 1806, 0, 0
2427, 2, 335, 378, 224, 9, 2.76%, 0, 0, 12, 166.26, 368516, 1806, 0, 0
2432, 2, 335, 382, 228, 9, 2.76%, 0, 0, 13, 160.19, 369343, 1812, 0, 0
2438, 2, 335, 384, 230, 9, 2.76%, 0, 0, 13, 160.63, 370179, 1812, 0, 0
2443, 2, 335, 384, 230, 9, 2.76%, 0, 0, 13, 163.51, 370803, 1812, 0, 0
2448, 2, 335, 386, 232, 9, 2.78%, 0, 0, 13, 159.35, 371609, 1822, 0, 0
2453, 2, 335, 386, 232, 9, 2.78%, 0, 0, 13, 150.41, 372364, 1822, 0, 0
2458, 2, 335, 387, 233, 9, 2.78%, 0, 0, 13, 155.02, 373143, 1825, 0, 0
2463, 2, 335, 387, 233, 9, 2.78%, 0, 0, 13, 149.90, 373905, 1825, 0, 0
2468, 2, 335, 388, 234, 9, 2.79%, 0, 0, 13, 152.33, 374677, 1829, 0, 0
2473, 2, 335, 388, 234, 9, 2.79%, 0, 0, 13, 155.88, 375310, 1829, 0, 0
2478, 2, 335, 389, 235, 9, 2.79%, 0, 0, 13, 151.74, 376085, 1829, 0, 0
2483, 2, 335, 390, 236, 9, 2.79%, 0, 0, 13, 155.42, 376863, 1829, 0, 0
2488, 2, 335, 390, 236, 9, 2.79%, 0, 0, 13, 157.18, 377658, 1829, 0, 0
2494, 2, 335, 390, 236, 9, 2.79%, 0, 0, 13, 155.81, 378456, 1829, 0, 0
2499, 2, 340, 397, 242, 13, 2.79%, 0, 0, 13, 162.37, 379305, 1829, 0, 0
2504, 2, 340, 398, 243, 13, 2.79%, 0, 0, 13, 170.64, 379912, 1829, 0, 0
2509, 2, 362, 398, 241, 12, 2.79%, 0, 0, 13, 159.75, 380700, 1829, 0, 0
2514, 2, 362, 399, 242, 12, 2.79%, 0, 0, 13, 145.72, 381429, 1829, 0, 0
2519, 2, 364, 401, 243, 12, 2.79%, 0, 0, 13, 152.66, 382296, 1829, 0, 0
2524, 2, 364, 403, 245, 12, 2.79%, 0, 0, 13, 152.86, 383066, 1829, 0, 0
2529, 2, 364, 403, 245, 12, 2.79%, 0, 0, 13, 147.96, 383796, 1829, 0, 0
2535, 2, 371, 407, 248, 11, 2.79%, 0, 0, 13, 147.13, 384422, 1829, 0, 0
2540, 2, 372, 413, 253, 12, 2.79%, 0, 0, 13, 153.98, 385221, 1830, 0, 0
2545, 2, 372, 418, 258, 12, 2.79%, 0, 0, 13, 159.82, 386051, 1830, 0, 0
2550, 2, 372, 419, 259, 12, 2.79%, 0, 0, 13, 157.73, 386847, 1830, 0, 0
2555, 2, 372, 422, 262, 12, 2.79%, 0, 0, 13, 160.64, 387690, 1830, 0, 0
2560, 2, 372, 425, 265, 12, 2.79%, 0, 0, 13, 158.02, 388491, 1830, 0, 0
2565, 2, 372, 425, 265, 12, 2.79%, 0, 0, 13, 161.14, 389124, 1830, 0, 0
2570, 2, 372, 427, 267, 12, 2.79%, 0, 0, 13, 158.29, 389924, 1830, 0, 0
2575, 2, 372, 427, 267, 12, 2.79%, 0, 0, 13, 162.61, 390734, 1830, 0, 0
2581, 2, 372, 428, 268, 12, 2.79%, 0, 0, 13, 154.88, 391515, 1830, 0, 0
2586, 2, 372, 428, 268, 12, 2.79%, 0, 0, 13, 165.12, 392352, 1830, 0, 0
2591, 2, 379, 429, 267, 12, 2.79%, 0, 0, 13, 161.17, 393187, 1830, 0, 0
2596, 2, 379, 429, 267, 12, 2.79%, 0, 0, 13, 4.35, 393853, 1830, 0, 0
2601, 2, 386, 429, 266, 11, 2.79%, 0, 0, 13, 159.56, 394644, 1830, 0, 0
2606, 2, 385, 429, 265, 10, 2.79%, 0, 0, 13, 161.37, 395470, 1830, 0, 0
2612, 2, 384, 429, 263, 8, 2.79%, 0, 0, 13, 164.82, 396318, 1830, 0, 0
2617, 2, 387, 431, 264, 7, 2.79%, 0, 0, 14, 163.89, 397147, 1830, 0, 0
2622, 2, 413, 431, 263, 6, 2.79%, 0, 0, 14, 163.33, 397969, 1830, 0, 0
2627, 2, 307, 432, 263, 5, 2.79%, 0, 0, 14, 4.37, 398683, 1830, 0, 0
2633, 2, 393, 435, 265, 5, 2.79%, 0, 0, 14, 164.51, 399550, 1830, 0, 0
2638, 2, 185, 435, 264, 4, 2.79%, 0, 0, 14, 168.96, 400426, 1830, 0, 0
2643, 2, 407, 439, 267, 4, 2.79%, 0, 0, 14, 156.66, 401211, 1830, 0, 0
2648, 2, 407, 441, 269, 4, 2.79%, 0, 0, 14, 159.79, 401972, 1830, 0, 0
2653, 2, 407, 443, 271, 4, 2.79%, 0, 0, 14, 155.97, 402775, 1830, 0, 0
2658, 2, 407, 445, 273, 4, 2.79%, 0, 0, 14, 4.35, 403443, 1830, 0, 0
2664, 2, 407, 445, 273, 4, 2.79%, 0, 0, 14, 161.82, 404289, 1830, 0, 0
2669, 2, 407, 445, 273, 4, 2.79%, 0, 0, 14, 162.39, 405111, 1830, 0, 0
2674, 2, 407, 446, 274, 4, 2.79%, 0, 0, 14, 160.52, 405940, 1830, 0, 0
2679, 2, 407, 447, 275, 4, 2.79%, 0, 0, 14, 149.49, 406704, 1830, 0, 0
2684, 2, 407, 448, 276, 4, 2.79%, 0, 0, 14, 156.57, 407502, 1830, 0, 0
2689, 2, 407, 449, 277, 4, 2.79%, 0, 0, 14, 23.03, 408160, 1830, 0, 0
2694, 2, 407, 449, 277, 4, 2.79%, 0, 0, 14, 148.65, 408816, 1830, 0, 0
2699, 2, 407, 449, 277, 4, 2.79%, 0, 0, 14, 145.34, 409552, 1830, 0, 0
2704, 2, 407, 449, 277, 4, 2.79%, 0, 0, 14, 142.79, 410288, 1830, 0, 0
2709, 2, 398, 451, 278, 3, 2.79%, 0, 0, 14, 142.33, 411032, 1830, 0, 0
2716, 2, 443, 451, 277, 2, 2.79%, 0, 0, 14, 148.39, 412041, 1830, 0, 0
2721, 2, 443, 451, 277, 2, 2.79%, 0, 0, 14, 156.65, 412629, 1830, 0, 0
2726, 2, 319, 452, 276, 1, 2.79%, 0, 0, 14, 147.35, 413372, 1830, 0, 0
2732, 2, 417, 454, 277, 1, 2.79%, 0, 0, 14, 145.84, 414116, 1830, 0, 0
2737, 2, 417, 454, 277, 1, 2.79%, 0, 0, 14, 146.30, 414817, 1830, 0, 0
2743, 2, 81, 454, 275, 1, 2.79%, 0, 0, 14, 143.93, 415782, 1830, 0, 0
2748, 2, 445, 455, 275, 1, 2.79%, 0, 0, 14, 143.26, 416519, 1830, 0, 0
2754, 2, 404, 458, 277, 1, 2.79%, 0, 0, 14, 131.46, 417160, 1830, 0, 0
2759, 2, 404, 459, 278, 1, 2.79%, 0, 0, 14, 148.89, 417932, 1830, 0, 0
2764, 2, 365, 460, 278, 0, 2.79%, 0, 0, 14, 153.50, 418758, 1830, 0, 0
2769, 2, 252, 461, 278, 0, 2.82%, 0, 0, 14, 156.12, 419590, 1846, 0, 0
2775, 2, 460, 462, 279, 1, 2.82%, 0, 0, 14, 151.48, 420327, 1848, 0, 0
2780, 2, 131, 462, 277, 0, 2.82%, 0, 0, 14, 156.61, 421158, 1848, 0, 0
2786, 2, 447, 463, 277, 0, 2.82%, 0, 0, 14, 145.68, 421937, 1848, 0, 0
2791, 2, 447, 465, 279, 0, 2.82%, 0, 0, 14, 164.97, 422793, 1848, 0, 0
2796, 2, 447, 466, 280, 0, 2.82%, 0, 0, 14, 169.29, 423643, 1848, 0, 0
2801, 2, 307, 466, 279, 0, 2.82%, 0, 0, 14, 176.28, 424558, 1848, 0, 0
2806, 2, 84, 466, 279, 0, 2.82%, 0, 0, 14, 164.60, 425352, 1848, 0, 0
2812, 2, 418, 466, 278, 0, 2.82%, 0, 0, 14, 160.32, 426231, 1848, 0, 0
2817, 2, 94, 466, 277, 0, 2.82%, 0, 0, 14, 152.24, 426842, 1848, 0, 0
2822, 2, 339, 466, 276, 0, 2.82%, 0, 0, 14, 152.35, 427604, 1848, 0, 0
2827, 2, 192, 466, 276, 0, 2.82%, 0, 0, 14, 153.71, 428377, 1848, 0, 0
2833, 2, 95, 466, 274, 0, 2.82%, 0, 0, 14, 158.14, 429391, 1848, 0, 0
2839, 2, 280, 466, 273, 0, 2.82%, 0, 0, 14, 162.34, 430236, 1848, 0, 0
2844, 2, 364, 468, 274, 0, 2.82%, 0, 0, 14, 152.65, 431012, 1848, 0, 0
2850, 2, 467, 469, 275, 1, 2.82%, 0, 0, 14, 167.31, 431800, 1848, 0, 0
2855, 2, 406, 471, 276, 0, 2.82%, 0, 0, 14, 160.52, 432679, 1848, 0, 0
2861, 2, 173, 471, 275, 0, 2.82%, 0, 0, 14, 161.97, 433506, 1848, 0, 0
2866, 2, 180, 471, 274, 0, 2.82%, 0, 0, 14, 156.70, 434297, 1848, 0, 0
2871, 2, 440, 472, 274, 0, 2.82%, 0, 0, 14, 154.38, 435079, 1848, 0, 0
2877, 2, 175, 472, 273, 0, 2.82%, 0, 0, 14, 146.62, 435798, 1848, 0, 0
2882, 2, 337, 473, 273, 0, 2.82%, 0, 0, 14, 154.04, 436581, 1848, 0, 0
2887, 2, 203, 473, 272, 0, 2.82%, 0, 0, 14, 163.12, 437403, 1848, 0, 0
2892, 2, 468, 476, 275, 0, 2.82%, 0, 0, 14, 167.59, 438229, 1849, 0, 0
2897, 2, 474, 484, 282, 1, 2.82%, 0, 0, 15, 171.86, 439100, 1849, 0, 0
2902, 2, 480, 485, 282, 1, 2.82%, 0, 0, 16, 174.90, 439980, 1849, 0, 0
2907, 2, 272, 486, 282, 0, 2.82%, 0, 0, 16, 29.13, 440825, 1849, 0, 0
2914, 2, 438, 486, 280, 0, 2.82%, 0, 0, 16, 176.80, 441890, 1849, 0, 0
2921, 2, 251, 486, 279, 0, 2.82%, 0, 0, 16, 173.00, 443108, 1849, 0, 0
2927, 2, 306, 486, 278, 0, 2.82%, 0, 0, 16, 175.48, 444218, 1849, 0, 0
2933, 2, 99, 486, 277, 0, 2.82%, 0, 0, 16, 175.58, 445233, 1849, 0, 0
2938, 2, 374, 486, 275, 0, 2.82%, 0, 0, 16, 178.07, 446131, 1849, 0, 0
2943, 2, 389, 486, 274, 0, 2.82%, 0, 0, 16, 168.05, 446834, 1849, 0, 0
2948, 2, 389, 489, 277, 0, 2.82%, 0, 0, 16, 164.93, 447641, 1849, 0, 0
2953, 2, 36, 489, 276, 0, 2.82%, 0, 0, 16, 158.30, 448457, 1849, 0, 0
2960, 2, 225, 490, 276, 0, 2.82%, 0, 0, 16, 168.08, 449630, 1849, 0, 0
2965, 2, 429, 496, 281, 0, 2.82%, 0, 0, 16, 170.00, 450517, 1849, 0, 0
2970, 2, 429, 498, 283, 0, 2.82%, 0, 0, 16, 1.50, 451192, 1849, 0, 0
2975, 2, 429, 498, 283, 0, 2.82%, 0, 0, 16, 173.10, 452091, 1849, 0, 0
2980, 2, 429, 500, 285, 0, 2.82%, 0, 0, 16, 174.37, 452972, 1849, 0, 0
2986, 2, 429, 501, 286, 0, 2.82%, 0, 0, 16, 177.19, 453894, 1849, 0, 0
2991, 2, 429, 502, 287, 0, 2.82%, 0, 0, 16, 178.74, 454822, 1849, 0, 0
2996, 2, 429, 503, 288, 0, 2.82%, 0, 0, 16, 171.35, 455708, 1849, 0, 0
3001, 2, 429, 503, 288, 0, 2.82%, 0, 0, 16, 15.09, 456477, 1849, 0, 0
3007, 2, 429, 503, 288, 0, 2.82%, 0, 0, 16, 172.16, 457358, 1849, 0, 0
3012, 2, 429, 503, 288, 0, 2.82%, 0, 0, 16, 178.69, 458288, 1849, 0, 0
3017, 2, 429, 503, 288, 0, 2.82%, 0, 0, 16, 179.24, 459221, 1849, 0, 0
3022, 2, 429, 503, 288, 0, 2.82%, 0, 0, 16, 174.39, 460127, 1849, 0, 0
3027, 2, 429, 503, 288, 0, 2.82%, 0, 0, 16, 178.37, 461054, 1849, 0, 0
3033, 2, 429, 503, 288, 0, 2.82%, 0, 0, 16, 1.50, 461766, 1849, 0, 0
3038, 2, 429, 503, 288, 0, 2.82%, 0, 0, 16, 172.24, 462641, 1849, 0, 0
3044, 2, 149, 503, 287, 0, 2.82%, 0, 0, 16, 175.92, 463733, 1849, 0, 0
3051, 2, 431, 505, 288, 0, 2.82%, 0, 0, 16, 176.64, 464998, 1849, 0, 0
3056, 2, 490, 506, 288, 0, 2.82%, 0, 0, 16, 171.89, 465876, 1849, 0, 0
3062, 2, 123, 506, 287, 0, 2.82%, 0, 0, 16, 177.79, 466995, 1849, 0, 0
3069, 2, 254, 506, 286, 0, 2.82%, 0, 0, 16, 172.90, 467953, 1849, 0, 0
3074, 2, 242, 506, 285, 0, 2.82%, 0, 0, 16, 177.58, 468856, 1849, 0, 0
3079, 2, 108, 507, 285, 0, 2.82%, 0, 0, 16, 178.46, 469758, 1849, 0, 0
3084, 2, 484, 507, 284, 0, 2.82%, 0, 0, 16, 175.61, 470651, 1849, 0, 0
3089, 2, 144, 509, 285, 0, 2.84%, 0, 0, 17, 173.51, 471546, 1864, 0, 0
3094, 2, 508, 509, 285, 1, 2.84%, 0, 0, 17, 165.44, 472333, 1864, 0, 0
3099, 2, 238, 510, 285, 0, 2.84%, 0, 0, 17, 168.73, 473085, 1864, 0, 0
3104, 2, 408, 510, 284, 0, 2.84%, 0, 0, 17, 170.49, 473962, 1864, 0, 0
3110, 2, 304, 510, 283, 0, 2.84%, 0, 0, 17, 171.11, 474846, 1864, 0, 0
3115, 2, 215, 510, 281, 0, 2.84%, 0, 0, 17, 159.58, 475638, 1864, 0, 0
3120, 2, 91, 510, 280, 0, 2.84%, 0, 0, 17, 157.07, 476434, 1864, 0, 0
3126, 2, 257, 510, 280, 0, 2.84%, 0, 0, 17, 151.90, 477258, 1864, 0, 0
3131, 2, 124, 511, 280, 0, 2.84%, 0, 0, 17, 153.98, 478033, 1864, 0, 0
3136, 2, 231, 511, 279, 0, 2.84%, 0, 0, 17, 155.27, 478828, 1864, 0, 0
3143, 2, 288, 511, 279, 0, 2.84%, 0, 0, 17, 148.73, 479826, 1864, 0, 0
3148, 2, 426, 513, 280, 0, 2.84%, 0, 0, 17, 145.58, 480594, 1864, 0, 0
3153, 2, 289, 513, 279, 0, 2.84%, 0, 0, 17, 140.24, 481301, 1864, 0, 0
3158, 2, 148, 514, 279, 0, 2.86%, 0, 0, 17, 158.98, 481917, 1873, 0, 0
3163, 2, 513, 521, 286, 1, 2.87%, 0, 0, 17, 153.32, 482692, 1883, 0, 0
3169, 2, 513, 523, 288, 1, 2.87%, 0, 0, 17, 164.79, 483540, 1884, 0, 0
3174, 2, 513, 523, 288, 1, 2.87%, 0, 0, 17, 164.92, 484368, 1884, 0, 0
3179, 2, 513, 523, 288, 1, 2.87%, 0, 0, 17, 165.59, 485223, 1884, 0, 0
3184, 2, 513, 524, 289, 1, 2.91%, 0, 0, 17, 163.10, 486043, 1906, 0, 0
3189, 2, 513, 524, 289, 1, 2.91%, 0, 0, 17, 155.47, 486706, 1906, 0, 0
3194, 2, 513, 524, 289, 1, 2.91%, 0, 0, 17, 164.92, 487573, 1906, 0, 0
3199, 2, 513, 524, 289, 1, 2.91%, 0, 0, 17, 161.38, 488410, 1906, 0, 0
3205, 2, 514, 524, 288, 9, 2.91%, 0, 0, 17, 155.01, 489327, 1906, 0, 0
3210, 2, 519, 524, 287, 8, 2.91%, 0, 0, 17, 168.40, 490215, 1906, 0, 0
3215, 2, 516, 524, 286, 7, 2.91%, 0, 0, 17, 172.92, 491110, 1906, 0, 0
3220, 2, 523, 524, 285, 6, 2.91%, 0, 0, 17, 176.76, 491788, 1906, 0, 0
3226, 2, 339, 524, 283, 4, 2.91%, 0, 0, 17, 174.41, 492694, 1906, 0, 0
3231, 2, 361, 524, 283, 4, 2.91%, 0, 0, 17, 175.39, 493586, 1906, 0, 0
3236, 2, 521, 524, 281, 3, 2.91%, 0, 0, 17, 177.27, 494627, 1906, 0, 0
3242, 2, 109, 524, 280, 2, 2.91%, 0, 0, 17, 178.01, 495555, 1906, 0, 0
3248, 2, 517, 524, 278, 2, 2.91%, 0, 0, 17, 153.91, 496522, 1906, 0, 0
3253, 2, 228, 524, 277, 1, 2.91%, 0, 0, 17, 164.56, 497236, 1906, 0, 0
3259, 2, 324, 524, 275, 1, 2.91%, 0, 0, 17, 163.11, 498278, 1906, 0, 0
3264, 2, 165, 524, 273, 1, 2.91%, 0, 0, 17, 160.74, 499142, 1906, 0, 0
3270, 2, 165, 524, 273, 1, 2.91%, 0, 0, 17, 156.00, 500049, 1906, 0, 0
3275, 2, 262, 524, 272, 1, 2.91%, 0, 0, 17, 167.22, 500937, 1906, 0, 0
3280, 2, 437, 524, 270, 0, 2.91%, 0, 0, 17, 169.19, 501780, 1906, 0, 0
3285, 2, 481, 524, 268, 0, 2.91%, 0, 0, 17, 83.29, 502428, 1906, 0, 0
3290, 2, 346, 524, 267, 0, 2.91%, 0, 0, 17, 152.92, 503286, 1906, 0, 0
3295, 2, 346, 524, 267, 0, 2.91%, 0, 0, 17, 121.35, 503906, 1906, 0, 0
3300, 2, 73, 524, 266, 0, 2.91%, 0, 0, 17, 113.62, 504449, 1906, 0, 0
3305, 2, 478, 524, 265, 0, 2.91%, 0, 0, 17, 120.45, 505070, 1906, 0, 0
3310, 2, 478, 529, 270, 0, 2.91%, 0, 0, 17, 118.44, 505659, 1906, 0, 0
3316, 2, 478, 531, 272, 0, 2.91%, 0, 0, 17, 103.61, 506087, 1906, 0, 0
3321, 2, 478, 531, 272, 0, 2.91%, 0, 0, 17, 116.31, 506701, 1906, 0, 0
3326, 2, 478, 533, 274, 0, 2.91%, 0, 0, 17, 108.45, 507277, 1906, 0, 0
3331, 2, 478, 536, 277, 0, 2.91%, 0, 0, 17, 116.45, 507848, 1906, 0, 0
3336, 2, 478, 538, 279, 0, 2.91%, 0, 0, 17, 113.95, 508417, 1906, 0, 0
3341, 2, 478, 539, 280, 0, 2.91%, 0, 0, 17, 117.25, 509024, 1906, 0, 0
3346, 2, 478, 540, 281, 0, 2.91%, 0, 0, 17, 118.40, 509449, 1906, 0, 0
3351, 2, 478, 540, 281, 0, 2.91%, 0, 0, 17, 121.31, 510059, 1906, 0, 0
3356, 2, 478, 541, 282, 0, 2.91%, 0, 0, 17, 115.91, 510632, 1906, 0, 0
3361, 2, 478, 541, 282, 0, 2.91%, 0, 0, 17, 114.20, 511230, 1906, 0, 0
3367, 2, 478, 541, 282, 0, 2.91%, 0, 0, 17, 115.37, 511814, 1906, 0, 0
3372, 2, 478, 541, 282, 0, 2.91%, 0, 0, 17, 121.48, 512452, 1906, 0, 0
3377, 2, 478, 541, 282, 0, 2.91%, 0, 0, 17, 94.48, 512825, 1906, 0, 0
3382, 2, 478, 541, 282, 0, 2.91%, 0, 0, 17, 102.10, 513378, 1906, 0, 0
3387, 2, 478, 541, 282, 0, 2.91%, 0, 0, 17, 112.19, 513948, 1906, 0, 0
3392, 2, 478, 541, 282, 0, 2.91%, 0, 0, 17, 101.05, 514458, 1906, 0, 0
3397, 2, 478, 541, 282, 0, 2.91%, 0, 0, 17, 103.87, 515002, 1906, 0, 0
3402, 2, 478, 541, 282, 0, 2.91%, 0, 0, 17, 113.90, 515636, 1906, 0, 0
3408, 2, 478, 541, 282, 0, 2.91%, 0, 0, 17, 154.39, 516089, 1906, 0, 0
3413, 2, 478, 541, 282, 0, 2.91%, 0, 0, 17, 128.90, 516694, 1906, 0, 0
3418, 2, 478, 541, 282, 0, 2.91%, 0, 0, 17, 117.76, 517254, 1906, 0, 0
3423, 2, 478, 542, 283, 0, 2.91%, 0, 0, 17, 119.04, 517853, 1906, 0, 0
3428, 2, 379, 542, 282, 0, 2.91%, 0, 0, 17, 122.27, 518479, 1906, 0, 0
3433, 2, 480, 543, 283, 0, 2.91%, 0, 0, 17, 120.05, 519110, 1906, 0, 0
3438, 2, 480, 543, 283, 0, 2.91%, 0, 0, 17, 1.50, 519517, 1906, 0, 0
3443, 2, 126, 543, 283, 0, 2.91%, 0, 0, 17, 103.54, 520070, 1906, 0, 0
3448, 2, 126, 543, 283, 0, 2.91%, 0, 0, 17, 90.30, 520510, 1906, 0, 0
3454, 2, 126, 543, 283, 0, 2.91%, 0, 0, 17, 90.02, 520981, 1906, 0, 0
3459, 2, 126, 543, 283, 0, 2.91%, 0, 0, 17, 79.20, 521374, 1906, 0, 0
3464, 2, 126, 543, 283, 0, 2.91%, 0, 0, 17, 83.26, 521809, 1906, 0, 0
3469, 2, 422, 543, 282, 0, 2.91%, 0, 0, 17, 103.78, 522314, 1906, 0, 0
3474, 2, 443, 543, 281, 0, 2.91%, 0, 0, 17, 98.72, 522808, 1906, 0, 0
3480, 2, 403, 543, 281, 0, 2.91%, 0, 0, 17, 90.39, 523297, 1906, 0, 0
3485, 2, 387, 543, 280, 0, 2.91%, 0, 0, 17, 103.83, 523852, 1906, 0, 0
3490, 2, 196, 543, 280, 0, 2.91%, 0, 0, 17, 105.02, 524415, 1906, 0, 0
3495, 2, 43, 543, 279, 0, 2.91%, 0, 0, 17, 117.67, 525051, 1906, 0, 0
3500, 2, 509, 545, 281, 0, 2.91%, 0, 0, 17, 117.65, 525594, 1906, 0, 0
3505, 2, 364, 545, 280, 0, 2.91%, 0, 0, 17, 117.23, 526144, 1906, 0, 0
3510, 2, 425, 545, 280, 0, 2.91%, 0, 0, 17, 126.79, 526806, 1906, 0, 0
3516, 2, 425, 546, 281, 0, 2.91%, 0, 0, 17, 124.48, 527471, 1906, 0, 0
3521, 2, 125, 546, 280, 0, 2.91%, 0, 0, 17, 145.05, 528227, 1906, 0, 0
3526, 2, 424, 547, 281, 0, 2.91%, 0, 0, 17, 147.91, 528986, 1906, 0, 0
3531, 2, 439, 547, 280, 0, 2.91%, 0, 0, 17, 17.09, 529648, 1906, 0, 0
3536, 2, 414, 547, 279, 0, 2.91%, 0, 0, 17, 149.06, 530223, 1906, 0, 0
3541, 2, 462, 547, 278, 0, 2.91%, 0, 0, 17, 145.45, 530964, 1906, 0, 0
3546, 2, 496, 547, 277, 0, 2.91%, 0, 0, 17, 129.87, 531616, 1906, 0, 0
3552, 2, 496, 547, 277, 0, 2.91%, 0, 0, 17, 133.49, 532353, 1906, 0, 0
3557, 2, 482, 547, 276, 0, 2.91%, 0, 0, 17, 111.15, 532901, 1906, 0, 0
3562, 2, 482, 547, 276, 0, 2.91%, 0, 0, 17, 115.63, 533557, 1906, 0, 0
3567, 2, 274, 547, 275, 0, 2.91%, 0, 0, 17, 99.95, 533977, 1906, 0, 0
3572, 2, 248, 547, 274, 0, 2.91%, 0, 0, 17, 121.32, 534624, 1906, 0, 0
3577, 2, 411, 547, 273, 0, 2.91%, 0, 0, 17, 129.71, 535287, 1906, 0, 0
3583, 2, 536, 548, 273, 0, 2.91%, 0, 0, 17, 137.33, 536002, 1906, 0, 0
3588, 2, 536, 549, 274, 0, 2.91%, 0, 0, 17, 137.16, 536679, 1906, 0, 0
3593, 2, 364, 549, 272, 0, 2.91%, 0, 0, 17, 136.38, 537403, 1906, 0, 0
3599, 2, 434, 553, 276, 0, 2.91%, 0, 0, 17, 129.72, 537999, 1906, 0, 0
3604, 2, 434, 555, 278, 0, 2.91%, 0, 0, 17, 124.47, 538626, 1906, 0, 0
3609, 2, 434, 558, 281, 0, 2.91%, 0, 0, 17, 126.09, 539237, 1906, 0, 0
3614, 2, 434, 561, 284, 0, 2.91%, 0, 0, 17, 122.28, 539892, 1906, 0, 0
3619, 2, 434, 561, 284, 0, 2.91%, 0, 0, 17, 117.17, 540464, 1906, 0, 0
3625, 2, 434, 562, 285, 0, 2.91%, 0, 0, 17, 121.03, 541139, 1906, 0, 0
3630, 2, 434, 563, 286, 0, 2.91%, 0, 0, 17, 136.25, 541746, 1906, 0, 0
3635, 2, 434, 563, 286, 0, 2.91%, 0, 0, 17, 135.54, 542452, 1906, 0, 0
3640, 2, 434, 563, 286, 0, 2.91%, 0, 0, 17, 123.98, 543090, 1906, 0, 0
3645, 2, 434, 565, 288, 0, 2.91%, 0, 0, 17, 126.67, 543718, 1906, 0, 0
3650, 2, 434, 567, 290, 0, 2.91%, 0, 0, 17, 135.33, 544434, 1906, 0, 0
3656, 2, 434, 567, 290, 0, 2.91%, 0, 0, 17, 6.85, 545094, 1906, 0, 0
3661, 2, 434, 567, 290, 0, 2.91%, 0, 0, 17, 118.06, 545602, 1906, 0, 0
3666, 2, 434, 568, 291, 0, 2.91%, 0, 0, 17, 104.90, 546135, 1906, 0, 0
3671, 2, 434, 568, 291, 0, 2.91%, 0, 0, 17, 110.06, 546695, 1906, 0, 0
3676, 2, 434, 568, 291, 0, 2.91%, 0, 0, 17, 108.31, 547241, 1906, 0, 0
3681, 2, 434, 568, 291, 0, 2.91%, 0, 0, 17, 112.23, 547839, 1906, 0, 0
3683, 2, 434, 568, 291, 0, 2.91%, 0, 0, 17, 112.93, 548030, 1906, 0, 0
