# relative_time, cycles_done, cur_item, corpus_count, pending_total, pending_favs, map_size, saved_crashes, saved_hangs, max_depth, execs_per_sec, total_execs, edges_found, total_crashes, servers_count
60, 0, 31, 61, 33, 6, 7.24%, 0, 0, 4, 329.75, 21483, 244, 0, 0
65, 0, 31, 61, 33, 6, 7.24%, 0, 0, 4, 335.98, 23163, 244, 0, 0
70, 0, 31, 62, 34, 6, 7.27%, 0, 0, 4, 346.16, 24910, 245, 0, 0
75, 0, 31, 62, 34, 6, 7.27%, 0, 0, 4, 343.83, 26890, 245, 0, 0
80, 0, 31, 62, 34, 6, 7.27%, 0, 0, 4, 337.46, 28576, 245, 0, 0
85, 0, 31, 63, 35, 6, 7.38%, 0, 0, 4, 338.86, 30311, 249, 0, 0
91, 0, 31, 63, 35, 6, 7.38%, 0, 0, 4, 342.38, 32075, 249, 0, 0
96, 0, 31, 63, 35, 6, 7.38%, 0, 0, 4, 316.92, 33725, 249, 0, 0
101, 0, 31, 63, 35, 6, 7.38%, 0, 0, 4, 343.46, 35513, 249, 0, 0
106, 0, 31, 63, 35, 6, 7.38%, 0, 0, 4, 337.59, 37517, 249, 0, 0
111, 0, 31, 64, 36, 6, 7.38%, 0, 0, 4, 341.68, 39306, 249, 0, 0
116, 0, 31, 65, 37, 6, 7.62%, 0, 0, 4, 347.34, 41113, 257, 0, 0
121, 0, 31, 65, 37, 6, 7.62%, 0, 0, 4, 343.29, 42853, 257, 0, 0
127, 0, 31, 65, 37, 6, 7.62%, 0, 0, 4, 347.94, 44653, 257, 0, 0
132, 0, 31, 65, 37, 6, 7.62%, 0, 0, 4, 322.63, 46267, 257, 0, 0
137, 0, 31, 65, 37, 6, 7.62%, 0, 0, 4, 336.43, 48068, 257, 0, 0
142, 0, 31, 65, 37, 6, 7.62%, 0, 0, 4, 316.71, 49694, 257, 0, 0
147, 0, 31, 65, 37, 6, 7.62%, 0, 0, 4, 310.00, 51230, 257, 0, 0
152, 0, 31, 66, 38, 6, 7.65%, 0, 0, 4, 341.18, 53019, 258, 0, 0
157, 0, 31, 66, 38, 6, 7.65%, 0, 0, 4, 350.82, 54789, 258, 0, 0
162, 0, 31, 66, 38, 6, 7.65%, 0, 0, 4, 313.65, 56745, 258, 0, 0
167, 0, 31, 66, 38, 6, 7.65%, 0, 0, 4, 326.40, 58407, 258, 0, 0
172, 0, 31, 66, 38, 6, 7.65%, 0, 0, 4, 324.40, 60033, 258, 0, 0
177, 0, 31, 66, 38, 6, 7.65%, 0, 0, 4, 323.77, 61659, 258, 0, 0
182, 0, 31, 66, 38, 6, 7.65%, 0, 0, 4, 333.47, 63405, 258, 0, 0
187, 0, 31, 66, 38, 6, 7.65%, 0, 0, 4, 331.93, 65109, 258, 0, 0
193, 0, 31, 66, 38, 6, 7.65%, 0, 0, 4, 340.40, 67167, 258, 0, 0
198, 0, 62, 66, 30, 15, 7.65%, 0, 0, 4, 330.64, 68818, 258, 0, 0
203, 0, 66, 67, 19, 4, 7.68%, 0, 0, 4, 335.88, 70525, 259, 0, 0
208, 0, 29, 67, 12, 0, 7.68%, 0, 0, 4, 338.55, 72215, 259, 0, 0
213, 0, 46, 67, 12, 0, 7.68%, 0, 0, 4, 292.27, 73676, 259, 0, 0
218, 1, 37, 67, 12, 0, 7.68%, 0, 0, 4, 321.58, 75291, 259, 0, 0
223, 1, 17, 68, 12, 0, 7.68%, 0, 0, 4, 312.59, 77193, 259, 0, 0
228, 1, 60, 68, 12, 0, 7.68%, 0, 0, 4, 337.97, 78911, 259, 0, 0
233, 1, 34, 68, 10, 0, 7.68%, 0, 0, 4, 331.48, 80604, 259, 0, 0
238, 2, 59, 68, 9, 0, 7.68%, 0, 0, 4, 323.35, 82213, 259, 0, 0
243, 2, 35, 68, 9, 0, 7.68%, 0, 0, 4, 352.90, 84025, 259, 0, 0
248, 2, 42, 68, 8, 0, 7.68%, 0, 0, 4, 350.55, 85789, 259, 0, 0
253, 2, 12, 69, 8, 0, 7.71%, 0, 0, 4, 350.32, 87895, 260, 0, 0
258, 3, 50, 69, 8, 0, 7.71%, 0, 0, 4, 343.11, 89607, 260, 0, 0
263, 3, 53, 70, 9, 0, 7.71%, 0, 0, 5, 350.20, 91348, 260, 0, 0
268, 3, 70, 71, 9, 0, 7.74%, 0, 0, 5, 347.74, 93097, 261, 0, 0
273, 3, 69, 71, 9, 0, 7.74%, 0, 0, 5, 344.39, 94865, 261, 0, 0
278, 3, 69, 74, 12, 0, 7.74%, 0, 0, 6, 357.82, 96930, 261, 0, 0
283, 3, 68, 74, 11, 0, 7.74%, 0, 0, 6, 353.50, 98698, 261, 0, 0
289, 3, 68, 78, 15, 0, 8.10%, 0, 0, 6, 327.71, 100349, 273, 0, 0
294, 3, 68, 79, 16, 0, 8.27%, 0, 0, 6, 338.33, 102132, 279, 0, 0
299, 3, 68, 80, 17, 0, 8.33%, 0, 0, 6, 339.54, 103921, 281, 0, 0
304, 3, 68, 82, 19, 0, 8.45%, 0, 0, 6, 336.85, 105609, 285, 0, 0
309, 3, 68, 84, 21, 0, 8.57%, 0, 0, 6, 329.90, 107627, 289, 0, 0
315, 3, 68, 84, 21, 0, 8.57%, 1, 0, 6, 312.76, 109178, 289, 1, 0
320, 3, 68, 85, 22, 0, 8.63%, 1, 0, 6, 326.43, 110823, 291, 1, 0
325, 3, 75, 85, 20, 9, 8.63%, 1, 0, 6, 321.06, 112444, 291, 1, 0
330, 3, 77, 87, 20, 7, 8.99%, 1, 0, 6, 328.78, 114147, 303, 1, 0
335, 3, 78, 88, 20, 8, 9.07%, 1, 0, 6, 323.74, 115787, 306, 1, 0
340, 3, 79, 92, 23, 8, 9.28%, 1, 0, 6, 323.79, 117610, 313, 1, 0
346, 3, 79, 92, 23, 8, 9.28%, 1, 0, 6, 311.19, 119230, 313, 1, 0
351, 3, 79, 92, 23, 8, 9.28%, 1, 0, 6, 302.29, 120736, 313, 1, 0
356, 3, 79, 93, 24, 8, 9.49%, 1, 0, 6, 337.38, 122453, 320, 1, 0
361, 3, 79, 93, 24, 8, 9.49%, 1, 0, 6, 345.96, 124254, 320, 1, 0
366, 3, 79, 93, 24, 8, 9.49%, 1, 0, 6, 362.25, 126047, 320, 1, 0
365, 3, 79, 93, 24, 8, 9.49%, 1, 0, 6, 0.00, 126068, 320, 1, 0
370, 3, 79, 95, 26, 8, 10.94%, 1, 0, 6, 337.56, 127718, 369, 1, 0
375, 3, 82, 95, 24, 12, 10.94%, 1, 0, 6, 149.79, 129439, 369, 1, 0
380, 3, 91, 98, 26, 11, 11.00%, 1, 0, 7, 318.66, 131310, 371, 1, 0
385, 3, 91, 100, 28, 11, 11.03%, 1, 0, 7, 344.49, 133022, 372, 1, 0
390, 3, 91, 100, 28, 11, 11.03%, 1, 0, 7, 369.39, 134898, 372, 1, 0
395, 3, 91, 101, 29, 11, 11.06%, 1, 0, 7, 361.88, 137131, 373, 1, 0
401, 3, 91, 102, 30, 11, 11.09%, 1, 0, 7, 371.28, 139070, 374, 1, 0
406, 3, 91, 103, 31, 11, 11.09%, 1, 0, 7, 381.73, 140967, 374, 1, 0
411, 3, 83, 104, 31, 12, 11.09%, 1, 0, 7, 364.75, 142849, 374, 1, 0
416, 3, 86, 106, 31, 11, 11.27%, 1, 0, 7, 347.53, 144666, 380, 1, 0
421, 3, 89, 107, 30, 10, 11.27%, 1, 0, 7, 335.84, 146338, 380, 1, 0
426, 3, 90, 110, 32, 9, 11.27%, 1, 0, 7, 358.54, 148359, 380, 1, 0
431, 3, 90, 111, 33, 9, 11.27%, 1, 0, 7, 351.22, 150151, 380, 1, 0
436, 3, 90, 112, 34, 9, 11.71%, 2, 0, 7, 334.07, 151753, 395, 2, 0
441, 3, 90, 115, 37, 9, 11.71%, 2, 0, 7, 356.93, 153505, 395, 2, 0
447, 3, 90, 115, 37, 9, 11.71%, 2, 0, 7, 366.84, 155402, 395, 2, 0
452, 3, 90, 116, 38, 9, 11.77%, 2, 0, 7, 376.68, 157285, 397, 2, 0
457, 3, 90, 116, 38, 9, 11.77%, 2, 0, 7, 323.19, 159077, 397, 2, 0
462, 3, 100, 125, 44, 9, 11.89%, 2, 0, 8, 329.68, 160786, 401, 2, 0
467, 3, 100, 129, 48, 9, 12.25%, 2, 0, 8, 339.23, 162526, 413, 2, 0
472, 3, 100, 129, 48, 9, 12.25%, 2, 0, 8, 334.44, 164512, 413, 2, 0
477, 3, 100, 131, 50, 9, 12.31%, 2, 0, 8, 333.40, 166290, 415, 2, 0
482, 3, 100, 131, 50, 9, 12.31%, 2, 0, 8, 365.24, 168234, 415, 2, 0
487, 3, 100, 132, 51, 9, 12.31%, 2, 0, 8, 355.87, 170012, 415, 2, 0
492, 3, 100, 132, 51, 9, 12.31%, 2, 0, 8, 358.03, 171783, 415, 2, 0
497, 3, 100, 132, 51, 9, 12.31%, 2, 0, 8, 365.49, 173617, 415, 2, 0
502, 3, 100, 132, 51, 9, 12.31%, 2, 0, 8, 329.74, 175309, 415, 2, 0
507, 3, 100, 132, 51, 9, 12.31%, 2, 0, 8, 315.28, 176869, 415, 2, 0
512, 3, 100, 132, 51, 9, 12.31%, 2, 0, 8, 312.28, 178724, 415, 2, 0
517, 3, 100, 132, 51, 9, 12.31%, 2, 0, 8, 306.42, 180260, 415, 2, 0
