# relative_time, cycles_done, cur_item, corpus_count, pending_total, pending_favs, map_size, saved_crashes, saved_hangs, max_depth, execs_per_sec, total_execs, edges_found, total_crashes, servers_count
60, 0, 4, 30, 19, 1, 0.69%, 0, 0, 2, 161.45, 9412, 452, 0, 0
65, 0, 4, 32, 21, 1, 0.69%, 0, 0, 2, 169.02, 10287, 455, 0, 0
70, 0, 4, 32, 21, 1, 0.69%, 0, 0, 2, 144.05, 10972, 455, 0, 0
75, 0, 4, 32, 21, 1, 0.69%, 0, 0, 2, 169.63, 11670, 455, 0, 0
81, 0, 4, 33, 22, 1, 0.70%, 0, 0, 2, 139.79, 12399, 459, 0, 0
86, 0, 4, 34, 23, 1, 0.70%, 0, 0, 2, 35.01, 12838, 461, 0, 0
91, 0, 4, 34, 23, 1, 0.70%, 0, 0, 2, 120.79, 13537, 461, 0, 0
96, 0, 4, 35, 24, 1, 0.71%, 0, 0, 2, 151.73, 14347, 464, 0, 0
101, 0, 4, 35, 24, 1, 0.71%, 0, 0, 2, 151.70, 15148, 464, 0, 0
106, 0, 4, 35, 24, 1, 0.71%, 0, 0, 2, 157.19, 15823, 464, 0, 0
111, 0, 4, 35, 24, 1, 0.71%, 0, 0, 2, 155.90, 16627, 464, 0, 0
116, 0, 4, 35, 24, 1, 0.71%, 0, 0, 2, 155.36, 17410, 464, 0, 0
121, 0, 4, 35, 24, 1, 0.71%, 0, 0, 2, 156.86, 18220, 464, 0, 0
126, 0, 4, 35, 24, 1, 0.71%, 0, 0, 2, 160.82, 19039, 464, 0, 0
131, 0, 4, 36, 25, 1, 0.71%, 0, 0, 2, 160.82, 19853, 464, 0, 0
136, 0, 4, 36, 25, 1, 0.71%, 0, 0, 2, 156.94, 20522, 464, 0, 0
142, 0, 4, 36, 25, 1, 0.71%, 0, 0, 2, 155.82, 21323, 464, 0, 0
147, 0, 4, 36, 25, 1, 0.71%, 0, 0, 2, 153.63, 22118, 464, 0, 0
152, 0, 4, 36, 25, 1, 0.71%, 0, 0, 2, 159.96, 22913, 464, 0, 0
157, 0, 4, 36, 25, 1, 0.71%, 0, 0, 2, 164.38, 23780, 464, 0, 0
162, 0, 4, 36, 25, 1, 0.71%, 0, 0, 2, 153.36, 24545, 464, 0, 0
167, 0, 4, 36, 25, 1, 0.71%, 0, 0, 2, 30.64, 25151, 464, 0, 0
172, 0, 4, 36, 25, 1, 0.71%, 0, 0, 2, 124.53, 25909, 464, 0, 0
177, 0, 4, 36, 25, 1, 0.71%, 0, 0, 2, 156.20, 26732, 464, 0, 0
183, 0, 4, 36, 25, 1, 0.71%, 0, 0, 2, 155.32, 27557, 464, 0, 0
188, 0, 4, 37, 26, 1, 0.71%, 0, 0, 2, 156.85, 28350, 468, 0, 0
193, 0, 4, 37, 26, 1, 0.71%, 0, 0, 2, 161.29, 29163, 468, 0, 0
198, 0, 4, 37, 26, 1, 0.71%, 0, 0, 2, 6.27, 29815, 468, 0, 0
203, 0, 4, 37, 26, 1, 0.71%, 0, 0, 2, 156.03, 30600, 468, 0, 0
208, 0, 4, 37, 26, 1, 0.71%, 0, 0, 2, 155.84, 31377, 468, 0, 0
213, 0, 4, 37, 26, 1, 0.71%, 0, 0, 2, 149.21, 32126, 468, 0, 0
218, 0, 4, 37, 26, 1, 0.71%, 0, 0, 2, 158.26, 32940, 468, 0, 0
223, 0, 4, 37, 26, 1, 0.71%, 0, 0, 2, 164.49, 33786, 468, 0, 0
229, 0, 4, 37, 26, 1, 0.71%, 0, 0, 2, 11.20, 34499, 468, 0, 0
234, 0, 4, 37, 26, 1, 0.71%, 0, 0, 2, 157.82, 35289, 468, 0, 0
239, 0, 4, 37, 26, 1, 0.71%, 0, 0, 2, 156.40, 36111, 468, 0, 0
244, 0, 4, 37, 26, 1, 0.71%, 0, 0, 2, 153.89, 36846, 468, 0, 0
249, 0, 4, 38, 27, 1, 0.72%, 0, 0, 2, 154.84, 37612, 471, 0, 0
254, 0, 4, 40, 29, 1, 0.75%, 0, 0, 2, 147.14, 38347, 493, 0, 0
260, 0, 4, 40, 29, 1, 0.75%, 0, 0, 2, 2.72, 39098, 493, 0, 0
265, 0, 4, 41, 30, 1, 0.76%, 0, 0, 2, 160.13, 39889, 497, 0, 0
270, 0, 4, 41, 30, 1, 0.76%, 0, 0, 2, 165.02, 40741, 497, 0, 0
275, 0, 4, 41, 30, 1, 0.76%, 0, 0, 2, 168.01, 41593, 497, 0, 0
281, 0, 4, 41, 30, 1, 0.76%, 0, 0, 2, 163.87, 42466, 497, 0, 0
286, 0, 4, 41, 30, 1, 0.76%, 0, 0, 2, 163.87, 43297, 497, 0, 0
291, 0, 4, 42, 31, 1, 0.76%, 0, 0, 2, 11.92, 43988, 501, 0, 0
296, 0, 4, 42, 31, 1, 0.76%, 0, 0, 2, 165.55, 44804, 501, 0, 0
301, 0, 4, 42, 31, 1, 0.76%, 0, 0, 2, 163.72, 45614, 501, 0, 0
306, 0, 4, 42, 31, 1, 0.76%, 0, 0, 2, 165.98, 46460, 501, 0, 0
311, 0, 4, 42, 31, 1, 0.76%, 0, 0, 2, 165.37, 47279, 501, 0, 0
316, 0, 4, 42, 31, 1, 0.76%, 0, 0, 2, 162.50, 48095, 501, 0, 0
321, 0, 4, 42, 31, 1, 0.76%, 0, 0, 2, 11.81, 48821, 501, 0, 0
327, 0, 4, 42, 31, 1, 0.76%, 0, 0, 2, 162.27, 49541, 501, 0, 0
332, 0, 4, 42, 31, 1, 0.76%, 0, 0, 2, 156.21, 50318, 501, 0, 0
337, 0, 4, 43, 32, 1, 0.77%, 0, 0, 2, 153.78, 51096, 502, 0, 0
342, 0, 14, 43, 31, 25, 0.77%, 0, 0, 2, 144.06, 51850, 502, 0, 0
347, 0, 21, 45, 28, 21, 0.77%, 0, 0, 3, 149.26, 52621, 504, 0, 0
352, 0, 36, 47, 25, 16, 0.77%, 0, 0, 4, 153.90, 53392, 504, 0, 0
357, 0, 24, 47, 19, 10, 0.77%, 0, 0, 4, 161.34, 54051, 504, 0, 0
362, 0, 38, 48, 13, 3, 0.77%, 0, 0, 4, 158.14, 54858, 504, 0, 0
367, 0, 26, 48, 10, 0, 0.77%, 0, 0, 4, 156.90, 55641, 504, 0, 0
372, 0, 48, 49, 11, 1, 0.78%, 0, 0, 4, 160.24, 56464, 511, 0, 0
378, 0, 4, 50, 11, 0, 0.78%, 0, 0, 4, 164.56, 57323, 511, 0, 0
383, 1, 25, 50, 11, 0, 0.78%, 0, 0, 4, 156.65, 58135, 511, 0, 0
388, 1, 21, 50, 11, 0, 0.78%, 0, 0, 4, 174.40, 58847, 511, 0, 0
393, 1, 21, 50, 10, 0, 0.78%, 0, 0, 4, 167.20, 59667, 511, 0, 0
398, 1, 16, 51, 9, 0, 0.79%, 0, 0, 4, 164.55, 60490, 518, 0, 0
403, 1, 15, 51, 8, 0, 0.79%, 0, 0, 4, 157.76, 61266, 518, 0, 0
408, 1, 12, 51, 7, 0, 0.79%, 0, 0, 4, 161.40, 62101, 518, 0, 0
413, 1, 26, 51, 5, 0, 0.79%, 0, 0, 4, 157.39, 62905, 518, 0, 0
418, 2, 36, 51, 5, 0, 0.79%, 0, 0, 4, 167.41, 63590, 518, 0, 0
424, 2, 39, 51, 5, 0, 0.79%, 0, 0, 4, 167.33, 64447, 518, 0, 0
429, 2, 51, 62, 15, 1, 0.96%, 0, 0, 4, 168.44, 65306, 628, 0, 0
434, 2, 51, 65, 18, 1, 0.97%, 0, 0, 4, 160.86, 66119, 637, 0, 0
439, 2, 51, 67, 20, 1, 0.98%, 0, 0, 4, 161.87, 66907, 641, 0, 0
444, 2, 51, 67, 20, 1, 0.98%, 0, 0, 4, 161.90, 67741, 641, 0, 0
449, 2, 51, 69, 22, 1, 0.99%, 0, 0, 4, 167.38, 68445, 649, 0, 0
454, 2, 51, 70, 23, 1, 0.99%, 0, 0, 4, 167.03, 69301, 651, 0, 0
459, 2, 51, 70, 23, 1, 0.99%, 0, 0, 4, 170.21, 70159, 651, 0, 0
464, 2, 51, 70, 23, 1, 0.99%, 0, 0, 4, 168.60, 70987, 651, 0, 0
469, 2, 51, 70, 23, 1, 0.99%, 0, 0, 4, 172.44, 71854, 651, 0, 0
474, 2, 51, 70, 23, 1, 0.99%, 0, 0, 4, 169.76, 72694, 651, 0, 0
479, 2, 51, 70, 23, 1, 0.99%, 0, 0, 4, 167.63, 73354, 651, 0, 0
484, 2, 51, 70, 23, 1, 0.99%, 0, 0, 4, 160.15, 74179, 651, 0, 0
490, 2, 51, 70, 23, 1, 0.99%, 0, 0, 4, 161.46, 75004, 651, 0, 0
495, 2, 51, 70, 23, 1, 0.99%, 0, 0, 4, 158.64, 75796, 651, 0, 0
500, 2, 51, 70, 23, 1, 0.99%, 0, 0, 4, 167.05, 76693, 651, 0, 0
505, 2, 51, 70, 23, 1, 0.99%, 0, 0, 4, 160.74, 77482, 651, 0, 0
510, 2, 65, 70, 21, 13, 0.99%, 0, 0, 4, 170.01, 78201, 651, 0, 0
515, 2, 57, 70, 19, 11, 0.99%, 0, 0, 4, 177.79, 79138, 651, 0, 0
520, 2, 57, 73, 22, 11, 1.01%, 0, 0, 5, 180.95, 80078, 662, 0, 0
525, 2, 57, 73, 22, 11, 1.01%, 0, 0, 5, 175.83, 80975, 662, 0, 0
531, 2, 57, 73, 22, 11, 1.01%, 0, 0, 5, 182.61, 81926, 662, 0, 0
536, 2, 60, 74, 21, 11, 1.01%, 0, 0, 5, 165.59, 82760, 663, 0, 0
541, 2, 61, 74, 20, 10, 1.01%, 0, 0, 5, 156.40, 83416, 663, 0, 0
546, 2, 64, 74, 19, 9, 1.01%, 0, 0, 5, 161.84, 84216, 663, 0, 0
551, 2, 63, 74, 16, 6, 1.01%, 0, 0, 5, 161.28, 85017, 663, 0, 0
556, 2, 70, 74, 13, 3, 1.01%, 0, 0, 5, 165.81, 85875, 663, 0, 0
561, 2, 71, 75, 13, 3, 1.01%, 0, 0, 6, 168.19, 86736, 665, 0, 0
566, 2, 73, 76, 13, 3, 1.03%, 0, 0, 6, 159.11, 87559, 674, 0, 0
572, 2, 75, 76, 12, 2, 1.03%, 0, 0, 6, 151.63, 88193, 674, 0, 0
577, 2, 74, 78, 13, 1, 1.05%, 0, 0, 7, 157.16, 89014, 690, 0, 0
582, 2, 74, 78, 13, 1, 1.05%, 0, 0, 7, 162.48, 89854, 690, 0, 0
587, 2, 37, 78, 10, 0, 1.05%, 0, 0, 7, 162.14, 90684, 690, 0, 0
592, 2, 58, 78, 9, 0, 1.05%, 0, 0, 7, 157.63, 91467, 690, 0, 0
597, 2, 53, 78, 9, 0, 1.05%, 0, 0, 7, 157.31, 92278, 690, 0, 0
602, 2, 62, 78, 7, 0, 1.05%, 0, 0, 7, 149.24, 92935, 690, 0, 0
607, 2, 4, 78, 7, 0, 1.05%, 0, 0, 7, 166.12, 93803, 690, 0, 0
613, 2, 78, 80, 9, 1, 1.20%, 0, 0, 7, 159.52, 94722, 787, 0, 0
618, 2, 78, 100, 29, 1, 1.26%, 0, 0, 7, 161.93, 95518, 824, 0, 0
623, 2, 78, 106, 35, 1, 1.29%, 0, 0, 7, 153.25, 96283, 844, 0, 0
628, 2, 78, 109, 38, 1, 1.29%, 0, 0, 7, 159.64, 97096, 848, 0, 0
633, 2, 78, 113, 42, 1, 1.30%, 0, 0, 7, 145.34, 97727, 853, 0, 0
638, 2, 78, 113, 42, 1, 1.30%, 0, 0, 7, 155.15, 98514, 853, 0, 0
644, 2, 78, 114, 43, 1, 1.30%, 0, 0, 7, 172.08, 99430, 853, 0, 0
649, 2, 78, 116, 45, 1, 1.31%, 0, 0, 7, 170.95, 100269, 857, 0, 0
654, 2, 78, 117, 46, 1, 1.31%, 0, 0, 7, 161.57, 101056, 859, 0, 0
659, 2, 78, 118, 47, 1, 1.47%, 0, 0, 7, 160.76, 101873, 964, 0, 0
664, 2, 78, 118, 47, 1, 1.47%, 0, 0, 7, 8.05, 102560, 964, 0, 0
669, 2, 78, 119, 48, 1, 1.48%, 0, 0, 7, 174.56, 103437, 971, 0, 0
674, 2, 78, 122, 51, 1, 1.52%, 0, 0, 7, 166.61, 104265, 995, 0, 0
679, 2, 78, 123, 52, 1, 1.56%, 0, 0, 7, 176.49, 105157, 1023, 0, 0
684, 2, 78, 125, 54, 1, 1.56%, 0, 0, 7, 166.59, 105981, 1024, 0, 0
689, 2, 78, 125, 54, 1, 1.56%, 0, 0, 7, 170.19, 106827, 1024, 0, 0
694, 2, 78, 127, 56, 1, 1.57%, 0, 0, 7, 11.09, 107654, 1030, 0, 0
700, 2, 82, 128, 56, 25, 1.57%, 0, 0, 7, 168.60, 108366, 1030, 0, 0
705, 2, 122, 129, 55, 23, 1.58%, 0, 0, 7, 162.78, 109267, 1034, 0, 0
710, 2, 122, 133, 59, 23, 1.59%, 0, 0, 7, 163.99, 110106, 1045, 0, 0
715, 2, 122, 134, 60, 23, 1.59%, 0, 0, 7, 168.53, 110950, 1045, 0, 0
720, 2, 122, 137, 63, 23, 1.60%, 0, 0, 7, 162.28, 111793, 1051, 0, 0
725, 2, 122, 138, 64, 23, 1.61%, 0, 0, 7, 156.58, 112568, 1057, 0, 0
731, 2, 122, 138, 64, 23, 1.61%, 0, 0, 7, 171.07, 113309, 1057, 0, 0
736, 2, 122, 138, 64, 23, 1.61%, 0, 0, 7, 164.70, 114134, 1057, 0, 0
741, 2, 122, 140, 66, 23, 1.62%, 0, 0, 7, 170.59, 115009, 1060, 0, 0
746, 2, 122, 140, 66, 23, 1.62%, 0, 0, 7, 163.72, 115813, 1060, 0, 0
751, 2, 122, 141, 67, 23, 1.64%, 0, 0, 7, 173.49, 116711, 1072, 0, 0
756, 2, 122, 142, 68, 23, 1.64%, 0, 0, 7, 178.53, 117636, 1073, 0, 0
761, 2, 122, 143, 69, 23, 1.64%, 0, 0, 7, 182.59, 118348, 1073, 0, 0
766, 2, 122, 144, 70, 23, 1.64%, 0, 0, 7, 174.78, 119207, 1073, 0, 0
771, 2, 122, 146, 72, 23, 1.69%, 0, 0, 7, 161.20, 120022, 1105, 0, 0
776, 2, 122, 146, 72, 23, 1.69%, 0, 0, 7, 156.66, 120796, 1105, 0, 0
781, 2, 122, 146, 72, 23, 1.69%, 0, 0, 7, 156.30, 121618, 1105, 0, 0
786, 2, 122, 147, 73, 23, 1.71%, 0, 0, 7, 168.62, 122456, 1123, 0, 0
791, 2, 122, 148, 74, 23, 1.73%, 0, 0, 7, 176.17, 123156, 1136, 0, 0
796, 2, 122, 148, 74, 23, 1.73%, 0, 0, 7, 175.86, 124047, 1136, 0, 0
801, 2, 122, 150, 76, 23, 1.75%, 0, 0, 7, 170.89, 124916, 1146, 0, 0
806, 2, 122, 150, 76, 23, 1.75%, 0, 0, 7, 153.20, 125678, 1146, 0, 0
811, 2, 122, 150, 76, 23, 1.75%, 0, 0, 7, 162.51, 126494, 1146, 0, 0
817, 2, 122, 150, 76, 23, 1.75%, 0, 0, 7, 159.92, 127328, 1146, 0, 0
822, 2, 122, 150, 76, 23, 1.75%, 0, 0, 7, 151.24, 127943, 1146, 0, 0
827, 2, 122, 150, 76, 23, 1.75%, 0, 0, 7, 157.40, 128759, 1146, 0, 0
832, 2, 122, 150, 76, 23, 1.75%, 0, 0, 7, 166.28, 129635, 1146, 0, 0
837, 2, 122, 150, 76, 23, 1.75%, 0, 0, 7, 162.63, 130481, 1146, 0, 0
842, 2, 122, 151, 77, 23, 1.75%, 0, 0, 7, 161.81, 131289, 1146, 0, 0
847, 2, 122, 152, 78, 23, 1.75%, 0, 0, 7, 159.05, 132082, 1146, 0, 0
853, 2, 122, 152, 78, 23, 1.75%, 0, 0, 7, 150.56, 132730, 1146, 0, 0
858, 2, 122, 152, 78, 23, 1.75%, 0, 0, 7, 163.47, 133573, 1146, 0, 0
863, 2, 122, 152, 78, 23, 1.75%, 0, 0, 7, 152.25, 134356, 1146, 0, 0
868, 2, 122, 152, 78, 23, 1.75%, 0, 0, 7, 155.91, 135151, 1146, 0, 0
873, 2, 122, 152, 78, 23, 1.75%, 0, 0, 7, 154.19, 135955, 1146, 0, 0
878, 2, 122, 152, 78, 23, 1.75%, 0, 0, 7, 154.13, 136723, 1146, 0, 0
883, 2, 122, 152, 78, 23, 1.75%, 0, 0, 7, 147.39, 137349, 1146, 0, 0
888, 2, 122, 152, 78, 23, 1.75%, 0, 0, 7, 153.27, 138121, 1146, 0, 0
893, 2, 122, 154, 80, 23, 1.75%, 0, 0, 7, 158.78, 138921, 1148, 0, 0
898, 2, 122, 154, 80, 23, 1.75%, 0, 0, 7, 162.86, 139728, 1148, 0, 0
903, 2, 122, 154, 80, 23, 1.75%, 0, 0, 7, 163.15, 140577, 1148, 0, 0
908, 2, 122, 154, 80, 23, 1.75%, 0, 0, 7, 164.92, 141426, 1148, 0, 0
914, 2, 122, 154, 80, 23, 1.75%, 0, 0, 7, 153.44, 141990, 1148, 0, 0
919, 2, 122, 154, 80, 23, 1.75%, 0, 0, 7, 160.13, 142791, 1148, 0, 0
924, 2, 122, 154, 80, 23, 1.75%, 0, 0, 7, 155.31, 143574, 1148, 0, 0
929, 2, 122, 154, 80, 23, 1.75%, 0, 0, 7, 156.59, 144360, 1148, 0, 0
934, 2, 122, 154, 80, 23, 1.75%, 0, 0, 7, 152.84, 145134, 1148, 0, 0
939, 2, 122, 154, 80, 23, 1.75%, 0, 0, 7, 163.55, 145989, 1148, 0, 0
944, 2, 122, 154, 80, 23, 1.75%, 0, 0, 7, 4.14, 146601, 1148, 0, 0
949, 2, 122, 154, 80, 23, 1.75%, 0, 0, 7, 163.70, 147441, 1148, 0, 0
954, 2, 122, 155, 81, 23, 1.76%, 0, 0, 7, 158.02, 148228, 1152, 0, 0
959, 2, 85, 155, 80, 35, 1.76%, 0, 0, 7, 153.20, 148996, 1152, 0, 0
964, 2, 89, 156, 80, 34, 1.76%, 0, 0, 7, 158.23, 149812, 1152, 0, 0
970, 2, 153, 159, 82, 33, 1.77%, 0, 0, 8, 153.83, 150584, 1160, 0, 0
975, 2, 153, 161, 84, 33, 1.77%, 0, 0, 8, 1.40, 151280, 1160, 0, 0
980, 2, 153, 162, 85, 33, 1.77%, 0, 0, 8, 152.51, 152057, 1160, 0, 0
985, 2, 153, 163, 86, 33, 1.78%, 0, 0, 8, 153.03, 152832, 1166, 0, 0
990, 2, 153, 163, 86, 33, 1.78%, 0, 0, 8, 153.20, 153615, 1166, 0, 0
996, 2, 153, 163, 86, 33, 1.78%, 0, 0, 8, 159.10, 154452, 1166, 0, 0
1001, 2, 153, 163, 86, 33, 1.78%, 0, 0, 8, 159.04, 155277, 1166, 0, 0
1006, 2, 153, 163, 86, 33, 1.78%, 0, 0, 8, 11.97, 155994, 1166, 0, 0
1012, 2, 153, 163, 86, 33, 1.78%, 0, 0, 8, 160.37, 156819, 1166, 0, 0
1017, 2, 153, 163, 86, 33, 1.78%, 0, 0, 8, 167.45, 157659, 1166, 0, 0
