# relative_time, cycles_done, cur_item, corpus_count, pending_total, pending_favs, map_size, saved_crashes, saved_hangs, max_depth, execs_per_sec, total_execs, edges_found, total_crashes, servers_count
61, 7, 162, 189, 16, 0, 13.87%, 7, 0, 16, 15117.91, 464036, 468, 8, 0
66, 8, 152, 194, 11, 0, 13.93%, 7, 0, 16, 271.66, 518001, 470, 8, 0
71, 9, 194, 198, 7, 0, 13.93%, 7, 0, 16, 398.34, 569625, 470, 8, 0
77, 9, 153, 199, 4, 0, 13.96%, 7, 0, 16, 572.52, 609722, 471, 8, 0
82, 10, 132, 205, 2, 0, 14.34%, 7, 0, 16, 11018.93, 661575, 484, 8, 0
87, 11, 190, 212, 4, 0, 14.43%, 7, 0, 16, 20940.28, 731782, 487, 8, 0
92, 11, 145, 216, 3, 0, 14.52%, 7, 0, 16, 16933.33, 767316, 490, 8, 0
97, 12, 197, 219, 2, 0, 14.58%, 7, 0, 16, 13661.60, 824971, 492, 8, 0
102, 13, 230, 234, 13, 0, 14.67%, 8, 0, 19, 9074.52, 868076, 495, 9, 0
107, 13, 199, 237, 10, 0, 14.67%, 9, 0, 19, 11777.67, 912692, 495, 10, 0
112, 14, 220, 241, 7, 0, 14.70%, 10, 0, 19, 10776.42, 960101, 496, 11, 0
118, 14, 221, 242, 4, 0, 14.70%, 10, 0, 19, 282.25, 1017261, 496, 11, 0
123, 15, 242, 245, 3, 0, 14.82%, 10, 0, 19, 9211.93, 1067621, 500, 11, 0
128, 15, 246, 250, 7, 0, 15.44%, 10, 0, 19, 2513.30, 1113892, 521, 11, 0
133, 15, 258, 311, 63, 1, 20.04%, 10, 0, 22, 9245.95, 1162697, 676, 11, 0
139, 15, 294, 346, 91, 11, 21.13%, 10, 0, 24, 11165.94, 1217135, 713, 11, 0
144, 15, 306, 407, 150, 14, 21.19%, 10, 0, 24, 12994.08, 1285026, 715, 11, 0
149, 15, 344, 451, 186, 14, 21.28%, 10, 0, 25, 12146.48, 1346609, 718, 11, 0
154, 15, 347, 481, 207, 6, 21.37%, 11, 0, 26, 2357.86, 1413786, 721, 12, 0
159, 15, 501, 521, 236, 5, 21.67%, 11, 0, 28, 12749.42, 1474116, 731, 12, 0
164, 15, 425, 535, 231, 0, 21.75%, 12, 0, 30, 15331.83, 1537594, 734, 13, 0
169, 15, 471, 543, 210, 0, 21.75%, 12, 0, 30, 10515.20, 1579527, 734, 13, 0
175, 15, 537, 554, 194, 0, 21.78%, 13, 0, 30, 9555.89, 1618435, 735, 14, 0
180, 15, 569, 571, 190, 0, 21.78%, 13, 0, 30, 8470.26, 1662381, 735, 14, 0
186, 15, 117, 575, 166, 0, 21.78%, 13, 0, 30, 9203.18, 1706287, 735, 14, 0
191, 16, 312, 577, 147, 0, 21.78%, 13, 0, 30, 7511.15, 1736377, 735, 14, 0
196, 16, 518, 577, 117, 0, 21.78%, 13, 0, 30, 6151.85, 1764405, 735, 14, 0
201, 16, 348, 579, 103, 0, 21.78%, 13, 0, 30, 4951.44, 1795478, 735, 14, 0
206, 16, 428, 582, 90, 0, 21.78%, 13, 0, 30, 6634.44, 1820978, 735, 14, 0
211, 16, 117, 586, 77, 0, 21.78%, 13, 0, 30, 6685.28, 1849671, 735, 14, 0
216, 16, 581, 589, 61, 0, 21.78%, 13, 0, 30, 7553.30, 1889279, 735, 14, 0
221, 16, 430, 590, 44, 0, 21.78%, 13, 0, 30, 11628.74, 1934742, 735, 14, 0
227, 17, 132, 591, 34, 0, 21.78%, 13, 0, 30, 9080.52, 1978154, 735, 14, 0
232, 17, 124, 594, 32, 0, 21.78%, 13, 0, 30, 15314.41, 2001789, 735, 14, 0
237, 17, 597, 599, 34, 0, 21.78%, 13, 0, 30, 2136.51, 2040745, 735, 14, 0
242, 17, 153, 601, 28, 0, 21.78%, 13, 0, 30, 437.97, 2086472, 735, 14, 0
247, 17, 229, 602, 24, 0, 21.78%, 14, 0, 30, 2243.81, 2126480, 735, 15, 0
252, 17, 183, 602, 21, 0, 21.78%, 14, 0, 30, 15929.93, 2164015, 735, 15, 0
258, 18, 153, 605, 17, 0, 21.81%, 14, 0, 30, 482.92, 2230674, 736, 15, 0
263, 18, 372, 605, 16, 0, 21.81%, 14, 0, 30, 14290.98, 2270181, 736, 15, 0
269, 18, 180, 608, 13, 0, 21.81%, 14, 0, 30, 2130.28, 2319347, 736, 15, 0
274, 18, 606, 608, 12, 0, 21.81%, 14, 0, 30, 1099.80, 2361371, 736, 15, 0
279, 18, 70, 608, 10, 0, 21.81%, 15, 0, 30, 12477.23, 2409362, 736, 16, 0
284, 19, 430, 608, 10, 0, 21.81%, 16, 0, 30, 9875.25, 2467416, 736, 17, 0
289, 19, 249, 609, 10, 0, 21.81%, 16, 0, 30, 10066.09, 2518234, 736, 17, 0
294, 19, 491, 609, 9, 0, 21.81%, 16, 0, 30, 13026.08, 2568718, 736, 17, 0
300, 19, 117, 609, 8, 0, 21.81%, 16, 0, 30, 11596.75, 2597268, 736, 17, 0
305, 19, 165, 609, 6, 0, 21.81%, 16, 0, 30, 12415.30, 2659464, 736, 17, 0
310, 20, 203, 609, 5, 0, 21.81%, 16, 0, 30, 10575.23, 2712957, 736, 17, 0
315, 20, 132, 609, 5, 0, 21.81%, 16, 0, 30, 14676.35, 2749859, 736, 17, 0
320, 20, 197, 611, 5, 0, 21.81%, 16, 0, 30, 14426.54, 2788013, 736, 17, 0
325, 20, 466, 611, 5, 0, 21.81%, 16, 0, 30, 9723.87, 2839288, 736, 17, 0
330, 20, 171, 612, 5, 0, 21.81%, 16, 0, 30, 12600.00, 2898234, 736, 17, 0
335, 21, 203, 612, 5, 0, 21.81%, 16, 0, 30, 14965.85, 2940693, 736, 17, 0
340, 21, 131, 614, 3, 0, 21.87%, 16, 0, 30, 797.57, 2976359, 738, 17, 0
346, 21, 169, 616, 3, 0, 22.14%, 16, 0, 30, 12716.00, 3043327, 747, 17, 0
351, 21, 615, 617, 3, 0, 22.20%, 17, 0, 30, 10769.01, 3103224, 749, 18, 0
356, 21, 506, 617, 3, 0, 22.20%, 17, 0, 30, 9457.86, 3143923, 749, 18, 0
361, 22, 509, 626, 4, 0, 22.29%, 17, 0, 30, 14821.82, 3229738, 752, 18, 0
366, 22, 73, 628, 6, 0, 22.29%, 18, 0, 30, 11747.31, 3256623, 752, 19, 0
371, 22, 483, 628, 3, 0, 22.29%, 19, 0, 30, 4210.79, 3325891, 752, 20, 0
376, 22, 393, 631, 5, 0, 22.29%, 20, 0, 30, 11297.08, 3387082, 752, 21, 0
381, 22, 206, 632, 3, 0, 22.29%, 20, 0, 30, 16164.43, 3451691, 752, 21, 0
386, 23, 117, 634, 3, 0, 22.32%, 20, 0, 30, 14239.96, 3492507, 753, 21, 0
391, 23, 70, 634, 0, 0, 22.32%, 20, 0, 30, 15101.63, 3549036, 753, 21, 0
397, 23, 620, 634, 0, 0, 22.32%, 20, 0, 30, 8434.44, 3605247, 753, 21, 0
402, 23, 220, 634, 0, 0, 22.32%, 20, 0, 30, 17636.11, 3688238, 753, 21, 0
407, 23, 394, 634, 0, 0, 22.32%, 20, 0, 30, 9899.91, 3724584, 753, 21, 0
412, 24, 161, 634, 0, 0, 22.32%, 20, 0, 30, 9504.79, 3796689, 753, 21, 0
417, 24, 132, 634, 0, 0, 22.32%, 20, 0, 30, 14072.15, 3856400, 753, 21, 0
422, 24, 529, 635, 0, 0, 22.38%, 20, 0, 30, 8608.52, 3912296, 755, 21, 0
427, 25, 249, 636, 0, 0, 22.41%, 20, 0, 30, 13928.20, 3985950, 756, 21, 0
432, 25, 197, 636, 0, 0, 22.41%, 20, 0, 30, 14260.07, 4034361, 756, 21, 0
437, 25, 179, 636, 0, 0, 22.41%, 20, 0, 30, 9723.55, 4084564, 756, 21, 0
443, 25, 313, 636, 0, 0, 22.41%, 20, 0, 30, 15569.00, 4146107, 756, 21, 0
448, 25, 221, 636, 0, 0, 22.41%, 20, 0, 30, 13753.96, 4194878, 756, 21, 0
453, 25, 190, 636, 0, 0, 22.41%, 20, 0, 30, 9267.78, 4235211, 756, 21, 0
459, 26, 569, 636, 0, 0, 22.41%, 20, 0, 30, 17111.08, 4295171, 756, 21, 0
465, 26, 638, 639, 2, 0, 22.41%, 21, 0, 30, 3407.89, 4350483, 756, 22, 0
470, 26, 43, 639, 0, 0, 22.41%, 21, 0, 30, 17745.65, 4407767, 756, 22, 0
475, 26, 114, 639, 0, 0, 22.41%, 21, 0, 30, 15206.10, 4479916, 756, 22, 0
480, 27, 132, 639, 0, 0, 22.41%, 21, 0, 30, 14090.66, 4535276, 756, 22, 0
485, 27, 627, 639, 0, 0, 22.41%, 21, 0, 30, 14765.00, 4576963, 756, 22, 0
490, 27, 113, 639, 0, 0, 22.41%, 21, 0, 30, 22381.96, 4633559, 756, 22, 0
496, 27, 229, 639, 0, 0, 22.41%, 21, 0, 30, 15002.08, 4692429, 756, 22, 0
501, 27, 152, 639, 0, 0, 22.41%, 21, 0, 30, 17427.93, 4765372, 756, 22, 0
506, 28, 190, 639, 0, 0, 22.41%, 21, 0, 30, 19751.72, 4823340, 756, 22, 0
511, 28, 534, 639, 0, 0, 22.41%, 21, 0, 30, 6910.37, 4880219, 756, 22, 0
516, 28, 158, 640, 1, 0, 22.41%, 21, 0, 30, 222.19, 4912431, 756, 22, 0
521, 28, 518, 641, 0, 0, 22.41%, 21, 0, 30, 15367.80, 4968374, 756, 22, 0
527, 28, 201, 641, 0, 0, 22.41%, 21, 0, 30, 18761.14, 5033372, 756, 22, 0
532, 29, 160, 641, 0, 0, 22.41%, 22, 0, 30, 14733.60, 5093599, 756, 23, 0
537, 29, 430, 641, 0, 0, 22.41%, 22, 0, 30, 9603.56, 5148894, 756, 23, 0
542, 29, 81, 641, 0, 0, 22.41%, 22, 0, 30, 17227.84, 5198870, 756, 23, 0
547, 29, 487, 641, 0, 0, 22.41%, 22, 0, 30, 14647.89, 5268352, 756, 23, 0
552, 30, 217, 643, 2, 0, 22.41%, 22, 0, 30, 14753.35, 5340340, 756, 23, 0
557, 30, 117, 643, 0, 0, 22.41%, 22, 0, 30, 15360.91, 5409958, 756, 23, 0
562, 30, 430, 643, 0, 0, 22.41%, 22, 0, 30, 15620.18, 5488076, 756, 23, 0
568, 31, 151, 643, 0, 0, 22.41%, 22, 0, 30, 1396.04, 5552754, 756, 23, 0
573, 31, 43, 643, 0, 0, 22.41%, 22, 0, 30, 16317.88, 5617730, 756, 23, 0
578, 31, 512, 647, 1, 0, 22.50%, 22, 0, 30, 15137.07, 5665597, 759, 23, 0
583, 31, 208, 647, 1, 0, 22.50%, 22, 0, 30, 15003.45, 5716049, 759, 23, 0
588, 31, 444, 649, 3, 0, 22.50%, 22, 0, 30, 11891.84, 5780612, 759, 23, 0
593, 32, 508, 649, 2, 0, 22.50%, 22, 0, 30, 13270.92, 5847785, 759, 23, 0
598, 32, 444, 649, 2, 0, 22.50%, 22, 0, 30, 14896.65, 5898975, 759, 23, 0
603, 32, 649, 651, 4, 1, 22.55%, 22, 0, 30, 6127.52, 5951502, 761, 23, 0
610, 32, 654, 655, 6, 0, 22.58%, 22, 0, 30, 59.52, 5993026, 762, 23, 0
615, 32, 654, 655, 6, 0, 22.58%, 22, 0, 30, 161.82, 5995586, 762, 23, 0
620, 32, 647, 657, 6, 0, 22.58%, 22, 0, 30, 10253.42, 6033017, 762, 23, 0
625, 32, 153, 660, 8, 0, 22.58%, 22, 0, 30, 337.46, 6055338, 762, 23, 0
630, 32, 656, 661, 9, 0, 22.58%, 22, 0, 30, 151.77, 6061940, 762, 23, 0
635, 32, 249, 663, 9, 0, 22.58%, 22, 0, 30, 12851.05, 6113125, 762, 23, 0
640, 32, 635, 666, 10, 0, 22.58%, 22, 0, 30, 12567.38, 6169426, 762, 23, 0
647, 32, 654, 667, 8, 0, 22.58%, 22, 0, 30, 496.26, 6221823, 762, 23, 0
652, 32, 658, 667, 8, 0, 22.58%, 22, 0, 30, 543.57, 6244488, 762, 23, 0
658, 32, 659, 670, 10, 0, 22.58%, 22, 0, 31, 11929.29, 6263275, 762, 23, 0
663, 32, 659, 670, 10, 0, 22.58%, 22, 0, 31, 175.84, 6263983, 762, 23, 0
668, 33, 668, 671, 9, 0, 22.58%, 22, 0, 31, 974.13, 6281725, 762, 23, 0
673, 33, 668, 671, 9, 0, 22.58%, 22, 0, 31, 655.26, 6284178, 762, 23, 0
679, 33, 444, 673, 7, 0, 22.67%, 22, 0, 31, 12068.62, 6332881, 765, 23, 0
685, 33, 660, 674, 8, 0, 22.67%, 22, 0, 31, 180.93, 6361427, 765, 23, 0
690, 33, 660, 674, 8, 0, 22.67%, 22, 0, 31, 88.86, 6361736, 765, 23, 0
695, 33, 660, 674, 8, 0, 22.67%, 22, 0, 31, 65.05, 6361970, 765, 23, 0
702, 33, 660, 674, 8, 0, 22.67%, 22, 0, 31, 66.71, 6362520, 765, 23, 0
707, 33, 132, 674, 4, 0, 22.67%, 22, 0, 31, 3025.22, 6401376, 765, 23, 0
712, 33, 605, 676, 3, 0, 22.70%, 22, 0, 31, 9709.59, 6454526, 766, 23, 0
717, 33, 667, 676, 3, 0, 22.70%, 22, 0, 31, 496.02, 6473328, 766, 23, 0
722, 33, 667, 676, 3, 0, 22.70%, 22, 0, 31, 55.04, 6473615, 766, 23, 0
728, 33, 667, 676, 3, 0, 22.70%, 22, 0, 31, 56.97, 6473859, 766, 23, 0
733, 33, 667, 676, 3, 0, 22.70%, 22, 0, 31, 58.48, 6474165, 766, 23, 0
738, 33, 667, 676, 3, 0, 22.70%, 22, 0, 31, 57.38, 6474451, 766, 23, 0
743, 33, 667, 676, 3, 0, 22.70%, 22, 0, 31, 57.63, 6474747, 766, 23, 0
748, 33, 667, 676, 3, 0, 22.70%, 22, 0, 31, 58.09, 6475041, 766, 23, 0
753, 33, 671, 676, 2, 0, 22.70%, 22, 0, 31, 16485.00, 6479173, 766, 23, 0
758, 33, 132, 676, 1, 0, 22.70%, 22, 0, 31, 17190.40, 6516415, 766, 23, 0
763, 33, 624, 677, 0, 0, 22.70%, 22, 0, 31, 17191.21, 6578167, 766, 23, 0
768, 33, 379, 678, 0, 0, 22.70%, 22, 0, 31, 15529.96, 6638170, 766, 23, 0
774, 33, 648, 679, 1, 0, 22.70%, 22, 0, 31, 4699.56, 6682941, 766, 23, 0
779, 33, 505, 681, 3, 0, 22.70%, 22, 0, 31, 8425.30, 6717232, 766, 23, 0
784, 33, 310, 683, 3, 0, 22.70%, 22, 0, 31, 3371.86, 6757202, 766, 23, 0
789, 33, 680, 685, 4, 0, 22.70%, 22, 0, 31, 2709.09, 6790101, 766, 23, 0
794, 33, 518, 685, 3, 0, 22.70%, 22, 0, 31, 3951.11, 6828415, 766, 23, 0
799, 33, 217, 687, 4, 0, 22.70%, 22, 0, 31, 13035.00, 6860973, 766, 23, 0
805, 34, 684, 689, 4, 0, 22.70%, 22, 0, 31, 826.30, 6907135, 766, 23, 0
810, 34, 687, 690, 4, 0, 22.70%, 22, 0, 31, 4603.07, 6917114, 766, 23, 0
815, 34, 687, 691, 4, 0, 22.70%, 22, 0, 31, 1275.74, 6950279, 766, 23, 0
820, 34, 685, 693, 6, 0, 22.70%, 22, 0, 32, 1515.44, 6977760, 766, 23, 0
825, 34, 692, 693, 5, 0, 22.70%, 22, 0, 32, 1771.07, 7001377, 766, 23, 0
830, 34, 689, 693, 3, 0, 22.70%, 22, 0, 32, 12265.53, 7041558, 766, 23, 0
835, 34, 686, 694, 3, 0, 22.70%, 22, 0, 32, 1081.96, 7070195, 766, 23, 0
840, 34, 646, 695, 2, 0, 22.70%, 22, 0, 32, 8691.14, 7100600, 766, 23, 0
846, 34, 652, 696, 2, 0, 22.70%, 22, 0, 32, 2266.31, 7137274, 766, 23, 0
851, 34, 590, 699, 4, 0, 22.70%, 22, 0, 32, 14858.54, 7159504, 766, 23, 0
856, 34, 319, 699, 3, 0, 22.70%, 22, 0, 32, 13397.73, 7201450, 766, 23, 0
861, 34, 697, 700, 4, 0, 22.70%, 22, 0, 32, 2045.00, 7238983, 766, 23, 0
866, 34, 698, 700, 2, 0, 22.70%, 22, 0, 32, 15651.34, 7274983, 766, 23, 0
871, 34, 646, 701, 1, 0, 22.70%, 22, 0, 32, 10593.22, 7317276, 766, 23, 0
876, 34, 393, 701, 1, 0, 22.70%, 22, 0, 32, 13044.03, 7381285, 766, 23, 0
881, 34, 646, 701, 1, 0, 22.70%, 22, 0, 32, 14706.84, 7414705, 766, 23, 0
886, 34, 110, 701, 1, 0, 22.70%, 22, 0, 32, 11856.16, 7458682, 766, 23, 0
891, 35, 254, 701, 1, 0, 22.70%, 22, 0, 32, 14020.10, 7521176, 766, 23, 0
896, 35, 379, 702, 2, 0, 22.70%, 22, 0, 32, 13355.49, 7574145, 766, 23, 0
902, 35, 654, 702, 2, 0, 22.70%, 22, 0, 32, 175.77, 7575098, 766, 23, 0
908, 35, 679, 703, 2, 0, 22.70%, 23, 0, 32, 5812.42, 7601046, 766, 24, 0
913, 35, 702, 704, 3, 0, 22.70%, 23, 0, 32, 13049.03, 7650807, 766, 24, 0
918, 35, 707, 710, 8, 0, 22.70%, 23, 0, 33, 6635.54, 7684869, 766, 24, 0
924, 35, 705, 710, 7, 0, 22.70%, 23, 0, 33, 7963.92, 7723682, 766, 24, 0
929, 35, 668, 710, 4, 0, 22.70%, 23, 0, 33, 8636.59, 7753541, 766, 24, 0
934, 35, 690, 710, 2, 0, 22.70%, 23, 0, 33, 9409.18, 7800691, 766, 24, 0
940, 35, 707, 710, 1, 0, 22.70%, 23, 0, 33, 12639.46, 7853016, 766, 24, 0
945, 35, 606, 710, 1, 0, 22.70%, 23, 0, 33, 1547.85, 7894664, 766, 24, 0
950, 35, 529, 710, 0, 0, 22.70%, 23, 0, 33, 11282.70, 7936070, 766, 24, 0
955, 35, 710, 711, 0, 0, 22.76%, 23, 0, 33, 842.47, 7973620, 768, 24, 0
960, 35, 710, 713, 2, 0, 22.76%, 23, 0, 33, 1315.90, 7981293, 768, 24, 0
965, 35, 712, 714, 3, 0, 22.76%, 23, 0, 33, 1360.70, 7999033, 768, 24, 0
970, 35, 713, 714, 2, 0, 22.76%, 23, 0, 33, 1888.37, 8031564, 768, 24, 0
975, 35, 317, 715, 2, 0, 22.76%, 23, 0, 33, 10990.63, 8048493, 768, 24, 0
980, 35, 710, 715, 2, 0, 22.76%, 23, 0, 33, 2366.52, 8075345, 768, 24, 0
985, 35, 711, 716, 3, 0, 22.76%, 23, 0, 33, 1315.82, 8087354, 768, 24, 0
990, 36, 714, 716, 2, 0, 22.76%, 23, 0, 33, 11519.31, 8111904, 768, 24, 0
996, 36, 117, 717, 2, 0, 22.76%, 23, 0, 33, 12786.01, 8143241, 768, 24, 0
1001, 36, 713, 717, 2, 0, 22.76%, 23, 0, 33, 1492.78, 8175624, 768, 24, 0
1006, 36, 309, 717, 1, 0, 22.76%, 23, 0, 33, 3752.38, 8220024, 768, 24, 0
1013, 36, 685, 717, 1, 0, 22.76%, 23, 0, 33, 1361.11, 8279106, 768, 24, 0
1018, 36, 715, 718, 2, 0, 22.76%, 23, 0, 33, 15519.48, 8308102, 768, 24, 0
1023, 36, 221, 720, 1, 0, 22.76%, 23, 0, 33, 727.32, 8367559, 768, 24, 0
1028, 36, 221, 720, 1, 0, 22.76%, 23, 0, 33, 484.26, 8406470, 768, 24, 0
1034, 36, 158, 720, 1, 0, 22.76%, 23, 0, 33, 35.25, 8436380, 768, 24, 0
1039, 36, 707, 720, 1, 0, 22.76%, 23, 0, 33, 13087.34, 8457922, 768, 24, 0
1044, 36, 710, 720, 1, 0, 22.76%, 23, 0, 33, 1946.84, 8512948, 768, 24, 0
1050, 36, 583, 720, 1, 0, 22.76%, 23, 0, 33, 12552.39, 8560676, 768, 24, 0
1055, 36, 609, 720, 1, 0, 22.76%, 23, 0, 33, 1361.19, 8601689, 768, 24, 0
1060, 36, 649, 720, 1, 0, 22.76%, 23, 0, 33, 2681.55, 8644392, 768, 24, 0
1065, 37, 483, 720, 0, 0, 22.76%, 23, 0, 33, 13440.00, 8667068, 768, 24, 0
1070, 37, 132, 720, 0, 0, 22.76%, 23, 0, 33, 1085.31, 8708759, 768, 24, 0
1075, 37, 325, 720, 0, 0, 22.76%, 23, 0, 33, 1674.11, 8711697, 768, 24, 0
1080, 37, 723, 725, 2, 0, 22.85%, 23, 0, 33, 16551.96, 8770491, 771, 24, 0
1085, 37, 529, 726, 1, 0, 22.88%, 23, 0, 33, 10991.31, 8823477, 772, 24, 0
1091, 37, 667, 726, 1, 0, 22.88%, 23, 0, 33, 3211.64, 8885073, 772, 24, 0
1096, 37, 710, 727, 1, 0, 22.91%, 23, 0, 33, 1639.40, 8931842, 773, 24, 0
1101, 37, 132, 732, 0, 0, 23.06%, 23, 0, 33, 1585.00, 9002171, 778, 24, 0
1106, 37, 117, 732, 0, 0, 23.06%, 23, 0, 33, 17798.60, 9073036, 778, 24, 0
1112, 37, 708, 732, 0, 0, 23.06%, 23, 0, 33, 20176.47, 9137777, 778, 24, 0
1117, 37, 456, 732, 0, 0, 23.06%, 23, 0, 33, 17688.26, 9218035, 778, 24, 0
1125, 37, 654, 732, 0, 0, 23.06%, 23, 0, 33, 746.50, 9294657, 778, 24, 0
1130, 37, 649, 732, 0, 0, 23.06%, 23, 0, 33, 17045.57, 9339064, 778, 24, 0
1135, 38, 738, 750, 14, 7, 24.75%, 23, 0, 33, 19059.26, 9397866, 835, 24, 0
1140, 38, 747, 757, 14, 1, 24.75%, 25, 0, 33, 11260.52, 9456583, 835, 26, 0
1146, 38, 117, 758, 10, 0, 24.75%, 25, 0, 33, 14504.37, 9532820, 835, 26, 0
1151, 38, 755, 763, 9, 0, 24.81%, 25, 0, 33, 16357.33, 9600187, 837, 26, 0
1156, 38, 762, 766, 7, 0, 24.81%, 25, 0, 33, 16016.10, 9670991, 837, 26, 0
1161, 38, 765, 768, 7, 0, 24.81%, 26, 0, 33, 16389.83, 9729517, 837, 27, 0
1167, 38, 777, 784, 19, 0, 24.81%, 27, 0, 33, 16021.07, 9805662, 837, 28, 0
1172, 38, 197, 794, 25, 0, 24.81%, 28, 0, 33, 2333.33, 9858564, 837, 29, 0
1177, 38, 792, 800, 28, 0, 24.84%, 29, 0, 33, 9387.31, 9905224, 838, 30, 0
1183, 38, 221, 801, 26, 0, 24.84%, 29, 0, 33, 778.12, 9942822, 838, 30, 0
1188, 38, 710, 801, 24, 0, 24.84%, 29, 0, 33, 1594.12, 9957789, 838, 30, 0
1193, 38, 430, 802, 20, 0, 24.84%, 29, 0, 33, 8405.20, 9992672, 838, 30, 0
1199, 38, 479, 807, 21, 0, 24.84%, 30, 0, 33, 20840.00, 10049701, 838, 31, 0
1204, 38, 311, 808, 15, 0, 24.84%, 30, 0, 33, 10165.67, 10113745, 838, 31, 0
1209, 38, 456, 810, 14, 0, 24.84%, 30, 0, 33, 13455.84, 10186652, 838, 31, 0
1214, 38, 379, 810, 9, 0, 24.84%, 30, 0, 33, 18944.75, 10252070, 838, 31, 0
1220, 39, 668, 812, 6, 0, 24.84%, 31, 0, 33, 1029.22, 10305725, 838, 32, 0
1225, 39, 132, 813, 5, 0, 24.84%, 32, 0, 33, 16138.47, 10370170, 838, 33, 0
1230, 39, 179, 814, 6, 0, 24.84%, 32, 0, 33, 11057.63, 10418421, 838, 33, 0
1235, 39, 289, 814, 5, 0, 24.84%, 32, 0, 33, 4500.00, 10425930, 838, 33, 0
1241, 39, 221, 814, 3, 0, 24.84%, 32, 0, 33, 381.78, 10475394, 838, 33, 0
1246, 39, 659, 814, 3, 0, 24.84%, 32, 0, 33, 185.42, 10498494, 838, 33, 0
1251, 39, 659, 814, 3, 0, 24.84%, 32, 0, 33, 162.63, 10499229, 838, 33, 0
1256, 39, 444, 814, 2, 0, 24.84%, 33, 0, 33, 15802.91, 10553894, 838, 34, 0
1261, 39, 379, 814, 2, 0, 24.84%, 33, 0, 33, 15495.34, 10631685, 838, 34, 0
1266, 39, 676, 815, 1, 0, 24.84%, 33, 0, 33, 14678.55, 10691539, 838, 34, 0
1271, 39, 182, 815, 1, 0, 24.84%, 33, 0, 33, 14605.09, 10751980, 838, 34, 0
1276, 39, 816, 818, 3, 0, 24.84%, 33, 0, 33, 8042.06, 10811185, 838, 34, 0
1281, 39, 152, 818, 2, 0, 24.84%, 33, 0, 33, 148.29, 10857341, 838, 34, 0
1286, 39, 430, 818, 2, 0, 24.84%, 33, 0, 33, 17184.36, 10892030, 838, 34, 0
1291, 39, 669, 820, 3, 0, 24.84%, 33, 0, 33, 13821.77, 10941844, 838, 34, 0
1296, 40, 659, 820, 3, 0, 24.84%, 33, 0, 33, 183.86, 10960773, 838, 34, 0
1302, 40, 654, 820, 3, 0, 24.84%, 33, 0, 33, 5482.63, 10974460, 838, 34, 0
1307, 40, 519, 820, 3, 0, 24.84%, 33, 0, 33, 8981.80, 10985453, 838, 34, 0
1312, 40, 158, 820, 3, 0, 24.84%, 33, 0, 33, 43.94, 11023816, 838, 34, 0
1317, 40, 237, 820, 3, 0, 24.84%, 33, 0, 33, 9331.50, 11055347, 838, 34, 0
1322, 40, 249, 820, 3, 0, 24.84%, 33, 0, 33, 13516.30, 11128261, 838, 34, 0
1328, 40, 790, 820, 3, 0, 24.84%, 33, 0, 33, 10830.43, 11190118, 838, 34, 0
1333, 40, 642, 820, 3, 0, 24.84%, 33, 0, 33, 5626.13, 11250863, 838, 34, 0
1338, 40, 761, 821, 3, 0, 24.87%, 33, 0, 33, 12581.91, 11319549, 839, 34, 0
1345, 40, 680, 821, 3, 0, 24.87%, 33, 0, 33, 663.63, 11340435, 839, 34, 0
1351, 40, 343, 821, 3, 0, 24.87%, 33, 0, 33, 14184.03, 11405945, 839, 34, 0
1356, 40, 479, 821, 3, 0, 24.87%, 33, 0, 33, 13796.48, 11457666, 839, 34, 0
1361, 40, 444, 824, 4, 0, 24.87%, 33, 0, 33, 14090.00, 11507821, 839, 34, 0
1366, 40, 822, 824, 4, 0, 24.87%, 33, 0, 33, 17559.52, 11579178, 839, 34, 0
1371, 41, 692, 824, 3, 0, 24.87%, 34, 0, 33, 14046.77, 11617649, 839, 35, 0
1376, 41, 818, 824, 3, 0, 24.87%, 34, 0, 33, 15542.06, 11681080, 839, 35, 0
1381, 41, 459, 825, 3, 0, 24.87%, 34, 0, 33, 12991.92, 11726851, 839, 35, 0
1386, 41, 820, 825, 3, 0, 24.87%, 34, 0, 33, 17353.15, 11787150, 839, 35, 0
1392, 41, 817, 825, 3, 0, 24.87%, 34, 0, 33, 14565.36, 11847480, 839, 35, 0
1397, 41, 632, 825, 2, 0, 24.87%, 34, 0, 33, 11466.47, 11906339, 839, 35, 0
1402, 41, 823, 826, 3, 0, 24.87%, 34, 0, 33, 14282.50, 11959937, 839, 35, 0
1407, 41, 132, 826, 3, 0, 24.87%, 34, 0, 33, 13297.63, 12014507, 839, 35, 0
1412, 41, 208, 826, 3, 0, 24.87%, 35, 0, 33, 17437.48, 12075671, 839, 36, 0
1417, 41, 208, 826, 2, 0, 24.87%, 35, 0, 33, 12408.83, 12133812, 839, 36, 0
1422, 41, 164, 826, 2, 0, 24.87%, 35, 0, 33, 16625.76, 12198575, 839, 36, 0
1428, 42, 702, 826, 2, 0, 24.87%, 35, 0, 33, 6110.39, 12258331, 839, 36, 0
1433, 42, 430, 826, 2, 0, 24.87%, 35, 0, 33, 16848.16, 12301995, 839, 36, 0
1438, 42, 820, 826, 2, 0, 24.87%, 35, 0, 33, 5061.38, 12339446, 839, 36, 0
1443, 42, 659, 826, 2, 0, 24.87%, 35, 0, 33, 195.16, 12363797, 839, 36, 0
1448, 42, 252, 826, 2, 0, 24.87%, 35, 0, 33, 5155.74, 12377381, 839, 36, 0
1454, 42, 577, 827, 2, 0, 24.87%, 35, 0, 33, 10995.95, 12435311, 839, 36, 0
1459, 42, 710, 827, 2, 0, 24.87%, 35, 0, 33, 10777.63, 12489723, 839, 36, 0
1464, 42, 708, 827, 2, 0, 24.87%, 35, 0, 33, 14625.61, 12544483, 839, 36, 0
1469, 42, 132, 827, 2, 0, 24.87%, 35, 0, 33, 679.01, 12585738, 839, 36, 0
1474, 42, 731, 827, 2, 0, 24.87%, 35, 0, 33, 14596.27, 12633476, 839, 36, 0
1479, 42, 644, 827, 2, 0, 24.87%, 35, 0, 33, 13453.21, 12685936, 839, 36, 0
1484, 42, 197, 827, 2, 0, 24.87%, 35, 0, 33, 12372.84, 12750293, 839, 36, 0
1489, 42, 206, 827, 1, 0, 24.87%, 35, 0, 33, 16348.66, 12805732, 839, 36, 0
1494, 42, 311, 827, 1, 0, 24.87%, 35, 0, 33, 15250.24, 12876239, 839, 36, 0
1499, 43, 430, 827, 1, 0, 24.87%, 35, 0, 33, 6060.55, 12917262, 839, 36, 0
1504, 43, 131, 827, 1, 0, 24.87%, 35, 0, 33, 303.81, 12938119, 839, 36, 0
1510, 43, 633, 827, 1, 0, 24.87%, 35, 0, 33, 8729.28, 12979515, 839, 36, 0
1515, 43, 117, 827, 1, 0, 24.87%, 35, 0, 33, 4894.92, 13026821, 839, 36, 0
1520, 43, 529, 827, 1, 0, 24.87%, 35, 0, 33, 15710.36, 13078628, 839, 36, 0
1525, 43, 737, 827, 1, 0, 24.87%, 35, 0, 33, 14534.90, 13146438, 839, 36, 0
1530, 43, 165, 827, 1, 0, 24.87%, 35, 0, 33, 18961.18, 13210177, 839, 36, 0
1537, 43, 819, 827, 1, 0, 24.87%, 35, 0, 33, 13939.65, 13273548, 839, 36, 0
1542, 43, 132, 827, 0, 0, 24.87%, 35, 0, 33, 10734.68, 13323474, 839, 36, 0
1547, 43, 820, 828, 1, 0, 24.87%, 35, 0, 33, 14899.33, 13383255, 839, 36, 0
1552, 43, 638, 828, 1, 0, 24.87%, 35, 0, 33, 17230.68, 13441900, 839, 36, 0
1558, 43, 725, 828, 1, 0, 24.87%, 35, 0, 33, 16664.53, 13497759, 839, 36, 0
1563, 44, 229, 828, 1, 0, 24.87%, 35, 0, 33, 19930.35, 13540408, 839, 36, 0
1568, 44, 710, 828, 1, 0, 24.87%, 35, 0, 33, 14950.05, 13594176, 839, 36, 0
1573, 44, 731, 830, 3, 0, 24.87%, 35, 0, 33, 14127.61, 13666547, 839, 36, 0
1579, 44, 796, 831, 3, 0, 24.87%, 35, 0, 33, 12680.04, 13717896, 839, 36, 0
1584, 44, 453, 831, 2, 0, 24.87%, 35, 0, 33, 3148.85, 13768226, 839, 36, 0
1589, 44, 474, 831, 1, 0, 24.87%, 35, 0, 33, 10060.88, 13822748, 839, 36, 0
1594, 44, 430, 831, 1, 0, 24.87%, 35, 0, 33, 2645.42, 13858834, 839, 36, 0
1599, 44, 153, 831, 1, 0, 24.87%, 35, 0, 33, 285.36, 13897658, 839, 36, 0
1604, 44, 466, 831, 1, 0, 24.87%, 35, 0, 33, 11716.69, 13941996, 839, 36, 0
1611, 44, 830, 831, 1, 0, 24.87%, 35, 0, 33, 12510.65, 14014062, 839, 36, 0
1616, 44, 729, 831, 0, 0, 24.87%, 35, 0, 33, 10835.88, 14052173, 839, 36, 0
1621, 44, 786, 831, 0, 0, 24.87%, 35, 0, 33, 16807.57, 14105088, 839, 36, 0
1626, 44, 522, 831, 0, 0, 24.87%, 35, 0, 33, 16504.74, 14165314, 839, 36, 0
1631, 45, 656, 831, 0, 0, 24.87%, 35, 0, 33, 214.29, 14215886, 839, 36, 0
1636, 45, 811, 831, 0, 0, 24.87%, 35, 0, 33, 13656.63, 14278704, 839, 36, 0
1642, 45, 505, 831, 0, 0, 24.87%, 35, 0, 33, 12285.66, 14339919, 839, 36, 0
1647, 45, 430, 831, 0, 0, 24.87%, 35, 0, 33, 2169.57, 14398055, 839, 36, 0
1652, 45, 208, 831, 0, 0, 24.87%, 35, 0, 33, 11563.30, 14453559, 839, 36, 0
1657, 45, 725, 831, 0, 0, 24.87%, 35, 0, 33, 2189.91, 14507740, 839, 36, 0
1665, 45, 654, 831, 0, 0, 24.87%, 35, 0, 33, 462.32, 14534248, 839, 36, 0
1670, 45, 723, 831, 0, 0, 24.87%, 35, 0, 33, 7889.43, 14564683, 839, 36, 0
1675, 45, 132, 831, 0, 0, 24.87%, 35, 0, 33, 1394.96, 14615038, 839, 36, 0
1680, 45, 739, 831, 0, 0, 24.87%, 35, 0, 33, 12181.98, 14674773, 839, 36, 0
1685, 45, 132, 831, 0, 0, 24.87%, 35, 0, 33, 2355.59, 14720786, 839, 36, 0
1690, 45, 728, 832, 1, 0, 24.87%, 35, 0, 33, 17812.72, 14772691, 839, 36, 0
1695, 46, 724, 832, 1, 0, 24.87%, 35, 0, 33, 11813.59, 14841027, 839, 36, 0
1701, 46, 430, 832, 1, 0, 24.87%, 35, 0, 33, 16616.03, 14909896, 839, 36, 0
1706, 46, 659, 832, 1, 0, 24.87%, 35, 0, 33, 460.52, 14920150, 839, 36, 0
1711, 46, 132, 832, 1, 0, 24.87%, 35, 0, 33, 9922.59, 14961406, 839, 36, 0
1716, 46, 761, 832, 1, 0, 24.87%, 35, 0, 33, 9809.47, 15003307, 839, 36, 0
1721, 46, 236, 832, 1, 0, 24.87%, 35, 0, 33, 13005.90, 15074646, 839, 36, 0
1726, 46, 197, 832, 1, 0, 24.87%, 35, 0, 33, 14856.36, 15134798, 839, 36, 0
1731, 46, 197, 832, 1, 0, 24.87%, 35, 0, 33, 10755.74, 15185970, 839, 36, 0
1736, 46, 254, 832, 0, 0, 24.87%, 35, 0, 33, 12177.22, 15245330, 839, 36, 0
1741, 46, 412, 832, 0, 0, 24.87%, 35, 0, 33, 9310.53, 15273267, 839, 36, 0
1746, 46, 491, 833, 1, 0, 24.87%, 35, 0, 33, 12918.02, 15341772, 839, 36, 0
1751, 47, 693, 833, 0, 0, 24.87%, 35, 0, 33, 13358.73, 15412018, 839, 36, 0
1758, 47, 833, 834, 1, 0, 24.87%, 35, 0, 33, 10889.59, 15465540, 839, 36, 0
1763, 47, 529, 835, 1, 0, 24.87%, 35, 0, 33, 11139.08, 15523317, 839, 36, 0
1768, 47, 659, 835, 1, 0, 24.87%, 35, 0, 33, 189.91, 15565083, 839, 36, 0
1773, 47, 12, 835, 1, 0, 24.87%, 35, 0, 33, 12822.46, 15571010, 839, 36, 0
1778, 47, 185, 835, 1, 0, 24.87%, 35, 0, 33, 19055.18, 15623708, 839, 36, 0
1783, 47, 761, 835, 1, 0, 24.87%, 35, 0, 33, 15750.68, 15686091, 839, 36, 0
1788, 47, 620, 836, 2, 0, 24.87%, 35, 0, 33, 16890.00, 15749824, 839, 36, 0
1793, 47, 132, 837, 2, 0, 24.90%, 35, 0, 33, 1501.95, 15806495, 840, 36, 0
1798, 47, 393, 837, 2, 0, 24.90%, 35, 0, 33, 19184.59, 15836801, 840, 36, 0
1803, 47, 794, 837, 2, 0, 24.90%, 35, 0, 33, 15122.83, 15899379, 840, 36, 0
1809, 47, 835, 837, 2, 0, 24.90%, 35, 0, 33, 12364.39, 15957806, 840, 36, 0
1814, 48, 193, 837, 1, 0, 24.90%, 36, 0, 33, 13178.24, 16022286, 840, 37, 0
1819, 48, 723, 837, 1, 0, 24.90%, 36, 0, 33, 10045.75, 16054735, 840, 37, 0
1824, 48, 430, 837, 1, 0, 24.90%, 36, 0, 33, 7755.13, 16105452, 840, 37, 0
1829, 48, 710, 837, 1, 0, 24.90%, 37, 0, 33, 1485.18, 16159736, 840, 38, 0
1834, 48, 448, 837, 1, 0, 24.90%, 37, 0, 33, 10191.29, 16225254, 840, 38, 0
1839, 48, 794, 837, 1, 0, 24.90%, 37, 0, 33, 12684.87, 16288332, 840, 38, 0
1844, 48, 724, 837, 0, 0, 24.90%, 37, 0, 33, 9373.50, 16329230, 840, 38, 0
1850, 48, 238, 837, 0, 0, 24.90%, 37, 0, 33, 12420.90, 16396339, 840, 38, 0
1855, 48, 131, 837, 0, 0, 24.90%, 37, 0, 33, 284.85, 16444607, 840, 38, 0
1860, 48, 723, 837, 0, 0, 24.90%, 37, 0, 33, 10669.27, 16490929, 840, 38, 0
1865, 48, 668, 837, 0, 0, 24.90%, 37, 0, 33, 11450.50, 16550324, 840, 38, 0
1870, 49, 741, 837, 0, 0, 24.90%, 37, 0, 33, 14452.54, 16621147, 840, 38, 0
1876, 49, 152, 837, 0, 0, 24.90%, 37, 0, 33, 878.79, 16673507, 840, 38, 0
1881, 49, 430, 837, 0, 0, 24.90%, 37, 0, 33, 2309.01, 16722609, 840, 38, 0
1886, 49, 230, 837, 0, 0, 24.90%, 37, 0, 33, 15266.96, 16774797, 840, 38, 0
1891, 49, 164, 837, 0, 0, 24.90%, 37, 0, 33, 15877.62, 16847135, 840, 38, 0
1896, 49, 132, 837, 0, 0, 24.90%, 37, 0, 33, 4798.58, 16902393, 840, 38, 0
1901, 49, 805, 837, 0, 0, 24.90%, 37, 0, 33, 15484.40, 16952538, 840, 38, 0
1907, 49, 201, 837, 0, 0, 24.90%, 37, 0, 33, 6466.73, 17020527, 840, 38, 0
1912, 49, 731, 838, 0, 0, 24.90%, 37, 0, 33, 11460.30, 17078358, 840, 38, 0
1917, 49, 836, 838, 0, 0, 24.90%, 37, 0, 33, 14599.48, 17153253, 840, 38, 0
1922, 49, 206, 838, 0, 0, 24.90%, 37, 0, 33, 17325.79, 17220003, 840, 38, 0
1927, 50, 667, 838, 0, 0, 24.90%, 37, 0, 33, 2223.04, 17268703, 840, 38, 0
1932, 50, 430, 838, 0, 0, 24.90%, 37, 0, 33, 9848.12, 17315897, 840, 38, 0
1938, 50, 777, 838, 0, 0, 24.90%, 37, 0, 33, 12612.40, 17379542, 840, 38, 0
1943, 50, 710, 839, 1, 0, 24.90%, 37, 0, 33, 14914.46, 17457325, 840, 38, 0
1948, 50, 506, 839, 1, 0, 24.90%, 37, 0, 33, 16314.27, 17540104, 840, 38, 0
1953, 50, 113, 839, 1, 0, 24.90%, 37, 0, 33, 15152.09, 17601630, 840, 38, 0
1958, 50, 794, 839, 1, 0, 24.90%, 37, 0, 33, 14346.16, 17668075, 840, 38, 0
1963, 50, 289, 840, 1, 0, 24.90%, 37, 0, 33, 10844.74, 17712222, 840, 38, 0
1968, 50, 198, 840, 1, 0, 24.90%, 37, 0, 33, 12787.16, 17776074, 840, 38, 0
1973, 50, 726, 840, 1, 0, 24.90%, 37, 0, 33, 10802.15, 17824990, 840, 38, 0
1978, 51, 221, 840, 1, 0, 24.90%, 37, 0, 33, 557.26, 17875050, 840, 38, 0
1983, 51, 474, 840, 1, 0, 24.90%, 37, 0, 33, 12241.97, 17897242, 840, 38, 0
1988, 51, 183, 840, 1, 0, 24.90%, 37, 0, 33, 12644.74, 17961534, 840, 38, 0
1994, 51, 644, 840, 1, 0, 24.90%, 37, 0, 33, 14748.68, 18026139, 840, 38, 0
1999, 51, 839, 841, 2, 0, 24.90%, 37, 0, 33, 13564.16, 18066014, 840, 38, 0
2004, 51, 840, 841, 1, 0, 24.90%, 38, 0, 33, 897.30, 18115697, 840, 39, 0
2009, 51, 729, 841, 0, 0, 24.90%, 38, 0, 33, 12491.34, 18164707, 840, 39, 0
2014, 51, 430, 841, 0, 0, 24.90%, 38, 0, 33, 13230.10, 18226577, 840, 39, 0
2019, 51, 710, 841, 0, 0, 24.90%, 38, 0, 33, 1438.30, 18296641, 840, 39, 0
2024, 51, 836, 841, 0, 0, 24.90%, 38, 0, 33, 6232.13, 18339010, 840, 39, 0
2029, 51, 130, 841, 0, 0, 24.90%, 38, 0, 33, 13408.88, 18400606, 840, 39, 0
2035, 51, 444, 841, 0, 0, 24.90%, 38, 0, 33, 12259.39, 18461174, 840, 39, 0
2040, 52, 218, 841, 0, 0, 24.90%, 38, 0, 33, 14396.21, 18537162, 840, 39, 0
2045, 52, 506, 841, 0, 0, 24.90%, 38, 0, 33, 15169.76, 18586269, 840, 39, 0
2050, 52, 529, 841, 0, 0, 24.90%, 38, 0, 33, 8119.80, 18610886, 840, 39, 0
2055, 52, 724, 841, 0, 0, 24.90%, 38, 0, 33, 12753.80, 18679023, 840, 39, 0
2060, 52, 21, 841, 0, 0, 24.90%, 38, 0, 33, 6384.95, 18732199, 840, 39, 0
2065, 52, 254, 841, 0, 0, 24.90%, 38, 0, 33, 11625.21, 18788211, 840, 39, 0
2070, 52, 815, 841, 0, 0, 24.90%, 38, 0, 33, 13337.68, 18854228, 840, 39, 0
2075, 52, 153, 841, 0, 0, 24.90%, 38, 0, 33, 1213.68, 18896956, 840, 39, 0
2080, 52, 836, 841, 0, 0, 24.90%, 38, 0, 33, 16547.26, 18931813, 840, 39, 0
2086, 52, 158, 841, 0, 0, 24.90%, 39, 0, 33, 11340.66, 18985260, 840, 40, 0
2091, 52, 430, 842, 1, 0, 24.90%, 39, 0, 33, 11018.43, 19033021, 840, 40, 0
2096, 52, 836, 842, 1, 0, 24.90%, 39, 0, 33, 18918.66, 19091106, 840, 40, 0
2101, 52, 645, 844, 2, 0, 24.90%, 39, 0, 33, 6541.64, 19132605, 840, 40, 0
2106, 53, 723, 844, 1, 0, 24.90%, 39, 0, 33, 11870.58, 19195555, 840, 40, 0
2112, 53, 654, 844, 1, 0, 24.90%, 39, 0, 33, 472.07, 19222067, 840, 40, 0
2117, 53, 659, 844, 1, 0, 24.90%, 39, 0, 33, 748.43, 19227237, 840, 40, 0
2122, 53, 747, 844, 1, 0, 24.90%, 39, 0, 33, 13578.65, 19285657, 840, 40, 0
2127, 53, 724, 844, 1, 0, 24.90%, 39, 0, 33, 19420.44, 19347456, 840, 40, 0
2132, 53, 842, 844, 1, 0, 24.90%, 39, 0, 33, 15320.36, 19404755, 840, 40, 0
2137, 53, 325, 844, 0, 0, 24.90%, 39, 0, 33, 15232.82, 19479578, 840, 40, 0
2142, 53, 645, 844, 0, 0, 24.90%, 39, 0, 33, 3927.27, 19534506, 840, 40, 0
2148, 53, 448, 844, 0, 0, 24.90%, 39, 0, 33, 13235.48, 19612770, 840, 40, 0
2153, 53, 479, 844, 0, 0, 24.90%, 39, 0, 33, 11219.17, 19680833, 840, 40, 0
2158, 53, 656, 844, 0, 0, 24.90%, 39, 0, 33, 2056.69, 19748007, 840, 40, 0
2163, 54, 505, 844, 0, 0, 24.90%, 39, 0, 33, 18137.01, 19822432, 840, 40, 0
2168, 54, 158, 844, 0, 0, 24.90%, 39, 0, 33, 349.91, 19844953, 840, 40, 0
2173, 54, 710, 844, 0, 0, 24.90%, 39, 0, 33, 16612.85, 19899854, 840, 40, 0
2178, 54, 249, 844, 0, 0, 24.90%, 39, 0, 33, 11082.23, 19948279, 840, 40, 0
2183, 54, 649, 844, 0, 0, 24.90%, 39, 0, 33, 13619.42, 20014359, 840, 40, 0
2188, 54, 49, 844, 0, 0, 24.90%, 39, 0, 33, 13019.42, 20079557, 840, 40, 0
2193, 54, 457, 844, 0, 0, 24.90%, 39, 0, 33, 17180.57, 20147901, 840, 40, 0
2199, 54, 561, 844, 0, 0, 24.90%, 39, 0, 33, 4792.90, 20204471, 840, 40, 0
2204, 54, 158, 844, 0, 0, 24.90%, 39, 0, 33, 391.37, 20236088, 840, 40, 0
2209, 54, 479, 844, 0, 0, 24.90%, 39, 0, 33, 13657.23, 20282575, 840, 40, 0
2214, 54, 203, 844, 0, 0, 24.90%, 39, 0, 33, 16760.44, 20343646, 840, 40, 0
2219, 55, 220, 844, 0, 0, 24.90%, 39, 0, 33, 6191.33, 20379911, 840, 40, 0
2224, 55, 723, 844, 0, 0, 24.90%, 39, 0, 33, 12703.24, 20447804, 840, 40, 0
2229, 55, 649, 844, 0, 0, 24.90%, 39, 0, 33, 15026.01, 20508781, 840, 40, 0
2234, 55, 747, 844, 0, 0, 24.90%, 39, 0, 33, 15268.56, 20560292, 840, 40, 0
2240, 55, 421, 844, 0, 0, 24.90%, 39, 0, 33, 14975.20, 20603630, 840, 40, 0
2245, 55, 769, 844, 0, 0, 24.90%, 39, 0, 33, 15839.40, 20662529, 840, 40, 0
2250, 55, 713, 844, 0, 0, 24.90%, 39, 0, 33, 6346.60, 20729390, 840, 40, 0
2255, 55, 741, 844, 0, 0, 24.90%, 39, 0, 33, 17786.75, 20795707, 840, 40, 0
2260, 55, 518, 844, 0, 0, 24.90%, 39, 0, 33, 13853.47, 20859015, 840, 40, 0
2265, 55, 642, 844, 0, 0, 24.90%, 39, 0, 33, 17601.65, 20921747, 840, 40, 0
2270, 56, 483, 844, 0, 0, 24.90%, 39, 0, 33, 15419.17, 20996910, 840, 40, 0
2276, 56, 659, 844, 0, 0, 24.90%, 39, 0, 33, 937.08, 21063624, 840, 40, 0
2281, 56, 843, 844, 0, 0, 24.90%, 39, 0, 33, 6345.00, 21065746, 840, 40, 0
2286, 56, 645, 844, 0, 0, 24.90%, 39, 0, 33, 12215.14, 21128133, 840, 40, 0
2291, 56, 214, 844, 0, 0, 24.90%, 39, 0, 33, 1996.17, 21185384, 840, 40, 0
2296, 56, 654, 844, 0, 0, 24.90%, 39, 0, 33, 61.03, 21203383, 840, 40, 0
2301, 56, 430, 844, 0, 0, 24.90%, 39, 0, 33, 14384.84, 21239975, 840, 40, 0
2307, 56, 710, 844, 0, 0, 24.90%, 39, 0, 33, 13920.97, 21312497, 840, 40, 0
2312, 56, 710, 844, 0, 0, 24.90%, 39, 0, 33, 16281.52, 21372819, 840, 40, 0
2317, 56, 279, 844, 0, 0, 24.90%, 39, 0, 33, 16379.48, 21441514, 840, 40, 0
2322, 56, 668, 845, 1, 0, 24.90%, 39, 0, 33, 6198.31, 21511871, 840, 40, 0
2327, 56, 659, 845, 1, 0, 24.90%, 39, 0, 33, 264.82, 21526101, 840, 40, 0
2332, 56, 710, 845, 1, 0, 24.90%, 39, 0, 33, 11487.44, 21579333, 840, 40, 0
2337, 57, 708, 845, 1, 0, 24.90%, 39, 0, 33, 13777.98, 21638351, 840, 40, 0
2343, 57, 710, 845, 1, 0, 24.90%, 39, 0, 33, 15160.35, 21718444, 840, 40, 0
2348, 57, 633, 847, 1, 0, 24.90%, 39, 0, 33, 17486.76, 21787939, 840, 40, 0
2353, 57, 645, 847, 0, 0, 24.90%, 39, 0, 33, 18573.01, 21845507, 840, 40, 0
2358, 57, 635, 847, 0, 0, 24.90%, 39, 0, 33, 16213.35, 21909495, 840, 40, 0
2363, 57, 710, 847, 0, 0, 24.90%, 39, 0, 33, 2722.37, 21965394, 840, 40, 0
2368, 57, 727, 847, 0, 0, 24.90%, 39, 0, 33, 10212.05, 22011531, 840, 40, 0
2373, 57, 325, 847, 0, 0, 24.90%, 39, 0, 33, 15013.44, 22077802, 840, 40, 0
2378, 57, 430, 847, 0, 0, 24.90%, 39, 0, 33, 14608.03, 22107512, 840, 40, 0
2383, 57, 137, 847, 0, 0, 24.90%, 39, 0, 33, 13737.64, 22158009, 840, 40, 0
2388, 58, 483, 847, 0, 0, 24.90%, 39, 0, 33, 14421.34, 22232536, 840, 40, 0
2393, 58, 523, 847, 0, 0, 24.90%, 39, 0, 33, 15810.65, 22282807, 840, 40, 0
2398, 58, 184, 847, 0, 0, 24.90%, 39, 0, 33, 15039.48, 22337149, 840, 40, 0
2403, 58, 675, 848, 1, 0, 24.90%, 39, 0, 33, 13540.82, 22404362, 840, 40, 0
2408, 58, 430, 848, 1, 0, 24.90%, 39, 0, 33, 17916.04, 22473355, 840, 40, 0
2414, 58, 208, 848, 1, 0, 24.90%, 39, 0, 33, 14735.21, 22537444, 840, 40, 0
2419, 58, 635, 848, 0, 0, 24.90%, 39, 0, 33, 12916.87, 22587762, 840, 40, 0
2424, 58, 510, 848, 0, 0, 24.90%, 39, 0, 33, 19777.27, 22656722, 840, 40, 0
2429, 58, 645, 848, 0, 0, 24.90%, 39, 0, 33, 17467.57, 22733834, 840, 40, 0
2434, 59, 794, 848, 0, 0, 24.90%, 39, 0, 33, 13859.44, 22793659, 840, 40, 0
2439, 59, 113, 848, 0, 0, 24.90%, 39, 0, 33, 15485.35, 22859955, 840, 40, 0
2444, 59, 406, 848, 0, 0, 24.90%, 39, 0, 33, 16677.46, 22940697, 840, 40, 0
2450, 59, 710, 848, 0, 0, 24.90%, 39, 0, 33, 14599.22, 23013830, 840, 40, 0
2455, 59, 444, 848, 0, 0, 24.90%, 39, 0, 33, 13763.45, 23085233, 840, 40, 0
2460, 59, 254, 849, 1, 0, 24.90%, 39, 0, 33, 12329.95, 23155291, 840, 40, 0
2465, 59, 175, 849, 1, 0, 24.90%, 39, 0, 33, 14945.74, 23218923, 840, 40, 0
2470, 59, 794, 849, 1, 0, 24.90%, 39, 0, 33, 18313.30, 23275650, 840, 40, 0
2475, 59, 710, 849, 1, 0, 24.90%, 39, 0, 33, 958.60, 23313120, 840, 40, 0
2480, 59, 731, 850, 1, 0, 24.90%, 39, 0, 33, 13979.02, 23363798, 840, 40, 0
2485, 60, 360, 850, 1, 0, 24.90%, 39, 0, 33, 15439.43, 23442330, 840, 40, 0
2491, 60, 278, 851, 2, 0, 24.90%, 39, 0, 33, 14589.48, 23498819, 840, 40, 0
2496, 60, 332, 851, 0, 0, 24.90%, 39, 0, 33, 16115.47, 23552144, 840, 40, 0
2501, 60, 725, 851, 0, 0, 24.90%, 39, 0, 33, 15184.56, 23589238, 840, 40, 0
2506, 60, 237, 851, 0, 0, 24.90%, 39, 0, 33, 17975.00, 23647485, 840, 40, 0
2511, 60, 620, 851, 0, 0, 24.90%, 39, 0, 33, 13273.54, 23696370, 840, 40, 0
2516, 60, 761, 851, 0, 0, 24.90%, 39, 0, 33, 17352.65, 23767886, 840, 40, 0
2521, 60, 620, 851, 0, 0, 24.90%, 39, 0, 33, 22505.00, 23821530, 840, 40, 0
2526, 60, 645, 851, 0, 0, 24.90%, 39, 0, 33, 11989.98, 23894726, 840, 40, 0
2531, 60, 132, 851, 0, 0, 24.90%, 39, 0, 33, 15112.46, 23974368, 840, 40, 0
2536, 61, 836, 851, 0, 0, 24.90%, 39, 0, 33, 15445.87, 24042950, 840, 40, 0
2541, 61, 725, 851, 0, 0, 24.90%, 39, 0, 33, 14533.23, 24117431, 840, 40, 0
2547, 61, 444, 851, 0, 0, 24.90%, 39, 0, 33, 17341.61, 24188194, 840, 40, 0
2552, 61, 198, 851, 0, 0, 24.90%, 39, 0, 33, 16741.47, 24250747, 840, 40, 0
2557, 61, 206, 851, 0, 0, 24.90%, 39, 0, 33, 17430.63, 24338440, 840, 40, 0
2562, 61, 658, 851, 0, 0, 24.90%, 39, 0, 33, 15153.56, 24408469, 840, 40, 0
2567, 61, 710, 851, 0, 0, 24.90%, 39, 0, 33, 12633.63, 24462860, 840, 40, 0
2572, 61, 132, 851, 0, 0, 24.90%, 39, 0, 33, 13877.52, 24534612, 840, 40, 0
2578, 61, 847, 851, 0, 0, 24.90%, 39, 0, 33, 12367.77, 24591870, 840, 40, 0
2583, 62, 456, 851, 0, 0, 24.90%, 39, 0, 33, 14868.62, 24665467, 840, 40, 0
2588, 62, 197, 851, 0, 0, 24.90%, 39, 0, 33, 12630.14, 24713840, 840, 40, 0
2593, 62, 430, 851, 0, 0, 24.90%, 39, 0, 33, 13407.82, 24764228, 840, 40, 0
2598, 62, 456, 851, 0, 0, 24.90%, 39, 0, 33, 16230.00, 24829514, 840, 40, 0
2603, 62, 599, 851, 0, 0, 24.90%, 39, 0, 33, 16332.35, 24905807, 840, 40, 0
2608, 62, 86, 851, 0, 0, 24.90%, 39, 0, 33, 16750.05, 24960587, 840, 40, 0
2613, 62, 725, 851, 0, 0, 24.90%, 39, 0, 33, 16737.07, 25037648, 840, 40, 0
2618, 62, 132, 851, 0, 0, 24.90%, 39, 0, 33, 16356.00, 25103953, 840, 40, 0
2623, 62, 820, 851, 0, 0, 24.90%, 39, 0, 33, 15290.53, 25154014, 840, 40, 0
2628, 63, 280, 851, 0, 0, 24.90%, 39, 0, 33, 13246.79, 25225577, 840, 40, 0
2634, 63, 676, 851, 0, 0, 24.90%, 39, 0, 33, 9035.82, 25278107, 840, 40, 0
2639, 63, 659, 851, 0, 0, 24.90%, 39, 0, 33, 369.16, 25321801, 840, 40, 0
2644, 63, 710, 851, 0, 0, 24.90%, 39, 0, 33, 2469.96, 25353946, 840, 40, 0
2649, 63, 221, 851, 0, 0, 24.90%, 39, 0, 33, 559.58, 25414358, 840, 40, 0
2654, 63, 711, 851, 0, 0, 24.90%, 39, 0, 33, 11568.93, 25426128, 840, 40, 0
2660, 63, 183, 851, 0, 0, 24.90%, 39, 0, 33, 18296.60, 25482830, 840, 40, 0
2665, 63, 577, 851, 0, 0, 24.90%, 39, 0, 33, 15656.61, 25559179, 840, 40, 0
2670, 63, 198, 851, 0, 0, 24.90%, 39, 0, 33, 11043.32, 25607580, 840, 40, 0
2676, 63, 654, 851, 0, 0, 24.90%, 39, 0, 33, 91.07, 25642728, 840, 40, 0
2682, 63, 654, 851, 0, 0, 24.90%, 39, 0, 33, 178.77, 25675054, 840, 40, 0
2687, 63, 849, 851, 0, 0, 24.90%, 39, 0, 33, 17019.79, 25706891, 840, 40, 0
2692, 63, 518, 851, 0, 0, 24.90%, 39, 0, 33, 15297.97, 25775500, 840, 40, 0
2698, 64, 151, 851, 0, 0, 24.90%, 39, 0, 33, 852.09, 25837692, 840, 40, 0
2703, 64, 523, 851, 0, 0, 24.90%, 39, 0, 33, 18502.67, 25891402, 840, 40, 0
2708, 64, 132, 851, 0, 0, 24.90%, 39, 0, 33, 10111.08, 25954409, 840, 40, 0
2713, 64, 430, 851, 0, 0, 24.90%, 39, 0, 33, 14081.54, 26008059, 840, 40, 0
2718, 64, 132, 851, 0, 0, 24.90%, 39, 0, 33, 2344.72, 26069758, 840, 40, 0
2723, 64, 183, 851, 0, 0, 24.90%, 39, 0, 33, 17572.34, 26120261, 840, 40, 0
2728, 64, 153, 851, 0, 0, 24.90%, 39, 0, 33, 544.42, 26188044, 840, 40, 0
2733, 64, 584, 851, 0, 0, 24.90%, 39, 0, 33, 1009.56, 26225923, 840, 40, 0
2739, 64, 491, 851, 0, 0, 24.90%, 39, 0, 33, 12848.98, 26279608, 840, 40, 0
2744, 64, 249, 851, 0, 0, 24.90%, 39, 0, 33, 13755.14, 26337696, 840, 40, 0
2749, 65, 747, 851, 0, 0, 24.90%, 39, 0, 33, 18412.98, 26407197, 840, 40, 0
2756, 65, 654, 851, 0, 0, 24.90%, 39, 0, 33, 636.54, 26461469, 840, 40, 0
2761, 65, 206, 851, 0, 0, 24.90%, 39, 0, 33, 17232.99, 26504365, 840, 40, 0
2766, 65, 646, 851, 0, 0, 24.90%, 39, 0, 33, 16516.84, 26584842, 840, 40, 0
2771, 65, 731, 851, 0, 0, 24.90%, 39, 0, 33, 15233.08, 26647799, 840, 40, 0
2776, 65, 508, 851, 0, 0, 24.90%, 39, 0, 33, 15706.41, 26725496, 840, 40, 0
2782, 65, 725, 851, 0, 0, 24.90%, 39, 0, 33, 13938.33, 26795094, 840, 40, 0
2787, 65, 444, 851, 0, 0, 24.90%, 39, 0, 33, 10843.57, 26845918, 840, 40, 0
2792, 65, 722, 851, 0, 0, 24.90%, 39, 0, 33, 15272.00, 26928044, 840, 40, 0
2797, 66, 164, 851, 0, 0, 24.90%, 39, 0, 33, 7699.28, 26989525, 840, 40, 0
2802, 66, 221, 851, 0, 0, 24.90%, 39, 0, 33, 721.15, 27051852, 840, 40, 0
2807, 66, 668, 851, 0, 0, 24.90%, 39, 0, 33, 1665.31, 27112747, 840, 40, 0
2812, 66, 577, 851, 0, 0, 24.90%, 39, 0, 33, 11123.93, 27185826, 840, 40, 0
2817, 66, 652, 851, 0, 0, 24.90%, 39, 0, 33, 14554.75, 27214881, 840, 40, 0
2823, 66, 201, 852, 1, 0, 24.90%, 39, 0, 33, 17243.65, 27257754, 840, 40, 0
2828, 66, 229, 852, 1, 0, 24.90%, 39, 0, 33, 16765.00, 27313113, 840, 40, 0
2833, 66, 851, 853, 2, 0, 24.90%, 39, 0, 33, 1744.26, 27354906, 840, 40, 0
2838, 66, 710, 853, 1, 0, 24.90%, 39, 0, 33, 12611.64, 27390876, 840, 40, 0
2843, 66, 505, 853, 1, 0, 24.90%, 39, 0, 33, 13277.80, 27455468, 840, 40, 0
2848, 66, 741, 853, 1, 0, 24.90%, 39, 0, 33, 10855.66, 27493873, 840, 40, 0
2853, 66, 710, 853, 1, 0, 24.90%, 39, 0, 33, 13414.31, 27547862, 840, 40, 0
2859, 67, 852, 853, 1, 0, 24.90%, 39, 0, 33, 9167.16, 27594480, 840, 40, 0
2864, 67, 710, 854, 1, 0, 24.90%, 39, 0, 33, 2169.57, 27642590, 840, 40, 0
2869, 67, 410, 854, 1, 0, 24.90%, 39, 0, 33, 7630.00, 27694231, 840, 40, 0
2874, 67, 254, 854, 1, 0, 24.90%, 39, 0, 33, 12993.52, 27767242, 840, 40, 0
2879, 67, 479, 854, 0, 0, 24.90%, 39, 0, 33, 13355.44, 27816930, 840, 40, 0
2885, 67, 712, 854, 0, 0, 24.90%, 39, 0, 33, 14483.51, 27891100, 840, 40, 0
2890, 67, 220, 854, 0, 0, 24.90%, 39, 0, 33, 7121.04, 27954760, 840, 40, 0
2895, 67, 668, 854, 0, 0, 24.90%, 39, 0, 33, 1422.22, 28017770, 840, 40, 0
2900, 67, 214, 854, 0, 0, 24.90%, 39, 0, 33, 2000.00, 28074909, 840, 40, 0
2905, 67, 675, 855, 0, 0, 24.90%, 39, 0, 33, 14695.02, 28136734, 840, 40, 0
2910, 67, 172, 855, 0, 0, 24.90%, 39, 0, 33, 15688.68, 28196346, 840, 40, 0
2918, 68, 654, 855, 0, 0, 24.90%, 39, 0, 33, 179.84, 28246631, 840, 40, 0
2923, 68, 507, 856, 1, 0, 24.90%, 39, 0, 33, 12820.21, 28305723, 840, 40, 0
2928, 68, 444, 856, 1, 0, 24.90%, 39, 0, 33, 13040.74, 28358624, 840, 40, 0
2933, 68, 379, 856, 0, 0, 24.90%, 39, 0, 33, 10866.77, 28430662, 840, 40, 0
2938, 68, 102, 856, 0, 0, 24.90%, 39, 0, 33, 12449.83, 28496777, 840, 40, 0
2944, 68, 518, 857, 1, 0, 24.90%, 39, 0, 33, 10477.02, 28563451, 840, 40, 0
2949, 68, 854, 857, 1, 0, 24.90%, 39, 0, 33, 16526.48, 28629074, 840, 40, 0
2954, 68, 148, 857, 0, 0, 24.90%, 39, 0, 33, 15131.35, 28689933, 840, 40, 0
2959, 68, 798, 857, 0, 0, 24.90%, 39, 0, 33, 13426.15, 28746078, 840, 40, 0
2964, 68, 502, 858, 1, 0, 24.90%, 39, 0, 33, 16273.63, 28792393, 840, 40, 0
2969, 69, 430, 858, 1, 0, 24.90%, 39, 0, 33, 11268.53, 28852505, 840, 40, 0
2975, 69, 857, 858, 1, 0, 24.90%, 39, 0, 33, 15352.85, 28922293, 840, 40, 0
2980, 69, 858, 859, 1, 0, 24.90%, 39, 0, 34, 14735.57, 28986384, 840, 40, 0
2986, 69, 448, 859, 0, 0, 24.90%, 39, 0, 34, 15130.24, 29062847, 840, 40, 0
2991, 69, 203, 859, 0, 0, 24.90%, 39, 0, 34, 14878.59, 29112560, 840, 40, 0
2996, 69, 727, 859, 0, 0, 24.90%, 39, 0, 34, 22225.00, 29188050, 840, 40, 0
3001, 69, 676, 859, 0, 0, 24.90%, 39, 0, 34, 15917.88, 29250828, 840, 40, 0
3006, 69, 197, 859, 0, 0, 24.90%, 39, 0, 34, 15778.73, 29329663, 840, 40, 0
3011, 69, 221, 859, 0, 0, 24.90%, 39, 0, 34, 215.09, 29361959, 840, 40, 0
3016, 69, 656, 859, 0, 0, 24.90%, 39, 0, 34, 16278.07, 29421649, 840, 40, 0
3021, 69, 761, 859, 0, 0, 24.90%, 39, 0, 34, 12672.35, 29480209, 840, 40, 0
3026, 70, 254, 859, 0, 0, 24.90%, 39, 0, 34, 14737.12, 29549550, 840, 40, 0
3031, 70, 479, 859, 0, 0, 24.90%, 39, 0, 34, 10391.96, 29610617, 840, 40, 0
3036, 70, 804, 859, 0, 0, 24.90%, 39, 0, 34, 13902.00, 29685488, 840, 40, 0
3042, 70, 430, 859, 0, 0, 24.90%, 39, 0, 34, 3053.44, 29749280, 840, 40, 0
3047, 70, 624, 859, 0, 0, 24.90%, 39, 0, 34, 15955.22, 29825799, 840, 40, 0
3052, 70, 430, 859, 0, 0, 24.90%, 39, 0, 34, 12902.82, 29887025, 840, 40, 0
3057, 70, 430, 859, 0, 0, 24.90%, 39, 0, 34, 628.89, 29934240, 840, 40, 0
3062, 70, 644, 859, 0, 0, 24.90%, 39, 0, 34, 6750.00, 30003385, 840, 40, 0
3067, 70, 448, 859, 0, 0, 24.90%, 39, 0, 34, 14321.54, 30056014, 840, 40, 0
3072, 71, 132, 859, 0, 0, 24.90%, 39, 0, 34, 2621.50, 30113590, 840, 40, 0
3077, 71, 448, 859, 0, 0, 24.90%, 39, 0, 34, 12352.62, 30178082, 840, 40, 0
3082, 71, 212, 859, 0, 0, 24.90%, 39, 0, 34, 18681.48, 30246175, 840, 40, 0
3087, 71, 126, 859, 0, 0, 24.90%, 39, 0, 34, 12579.95, 30294969, 840, 40, 0
3093, 71, 153, 859, 0, 0, 24.90%, 39, 0, 34, 460.57, 30328996, 840, 40, 0
3098, 71, 726, 859, 0, 0, 24.90%, 39, 0, 34, 12480.00, 30370879, 840, 40, 0
3103, 71, 209, 859, 0, 0, 24.90%, 39, 0, 34, 20915.00, 30435656, 840, 40, 0
3108, 71, 561, 859, 0, 0, 24.90%, 39, 0, 34, 8323.49, 30499012, 840, 40, 0
3113, 71, 659, 859, 0, 0, 24.90%, 39, 0, 34, 168.23, 30546922, 840, 40, 0
3118, 71, 659, 859, 0, 0, 24.90%, 39, 0, 34, 153.28, 30547678, 840, 40, 0
3123, 71, 724, 859, 0, 0, 24.90%, 39, 0, 34, 9535.41, 30596209, 840, 40, 0
3128, 71, 479, 859, 0, 0, 24.90%, 39, 0, 34, 13044.03, 30667549, 840, 40, 0
3133, 71, 851, 859, 0, 0, 24.90%, 39, 0, 34, 2000.00, 30727094, 840, 40, 0
3139, 72, 590, 859, 0, 0, 24.90%, 39, 0, 34, 18540.83, 30779092, 840, 40, 0
3146, 72, 654, 859, 0, 0, 24.90%, 39, 0, 34, 111.82, 30840867, 840, 40, 0
3151, 72, 635, 859, 0, 0, 24.90%, 39, 0, 34, 17307.09, 30885350, 840, 40, 0
3156, 72, 479, 859, 0, 0, 24.90%, 39, 0, 34, 10380.81, 30938607, 840, 40, 0
3161, 72, 337, 859, 0, 0, 24.90%, 39, 0, 34, 11819.78, 30995080, 840, 40, 0
3166, 72, 649, 859, 0, 0, 24.90%, 39, 0, 34, 14773.09, 31073696, 840, 40, 0
3171, 72, 710, 859, 0, 0, 24.90%, 39, 0, 34, 2208.63, 31133709, 840, 40, 0
3176, 72, 714, 859, 0, 0, 24.90%, 39, 0, 34, 17416.27, 31189547, 840, 40, 0
3181, 72, 132, 859, 0, 0, 24.90%, 39, 0, 34, 16702.78, 31262987, 840, 40, 0
3186, 72, 794, 859, 0, 0, 24.90%, 39, 0, 34, 16916.04, 31347641, 840, 40, 0
3192, 73, 444, 859, 0, 0, 24.90%, 39, 0, 34, 15151.73, 31426133, 840, 40, 0
3197, 73, 197, 859, 0, 0, 24.90%, 39, 0, 34, 17381.98, 31489744, 840, 40, 0
3202, 73, 790, 859, 0, 0, 24.90%, 39, 0, 34, 8410.61, 31534973, 840, 40, 0
3207, 73, 722, 859, 0, 0, 24.90%, 39, 0, 34, 12936.26, 31599858, 840, 40, 0
3212, 73, 851, 859, 0, 0, 24.90%, 39, 0, 34, 1427.26, 31653340, 840, 40, 0
3217, 73, 645, 859, 0, 0, 24.90%, 39, 0, 34, 8393.09, 31697899, 840, 40, 0
3222, 73, 474, 859, 0, 0, 24.90%, 39, 0, 34, 14676.98, 31775265, 840, 40, 0
3227, 73, 62, 859, 0, 0, 24.90%, 39, 0, 34, 13771.06, 31837881, 840, 40, 0
3232, 73, 726, 859, 0, 0, 24.90%, 39, 0, 34, 18260.00, 31895551, 840, 40, 0
3237, 73, 158, 859, 0, 0, 24.90%, 39, 0, 34, 203.96, 31909690, 840, 40, 0
3243, 73, 713, 859, 0, 0, 24.90%, 39, 0, 34, 16509.85, 31966789, 840, 40, 0
3248, 74, 229, 859, 0, 0, 24.90%, 39, 0, 34, 15606.41, 32039598, 840, 40, 0
3253, 74, 128, 859, 0, 0, 24.90%, 39, 0, 34, 2823.13, 32106704, 840, 40, 0
3258, 74, 444, 859, 0, 0, 24.90%, 39, 0, 34, 10565.24, 32171756, 840, 40, 0
3263, 74, 659, 859, 0, 0, 24.90%, 39, 0, 34, 136.79, 32213906, 840, 40, 0
3268, 74, 659, 859, 0, 0, 24.90%, 39, 0, 34, 162.51, 32214765, 840, 40, 0
3274, 74, 296, 861, 2, 0, 24.90%, 39, 0, 34, 11951.22, 32276510, 840, 40, 0
3279, 74, 522, 863, 3, 0, 24.90%, 39, 0, 35, 12704.14, 32331715, 840, 40, 0
3284, 74, 605, 863, 2, 0, 24.90%, 39, 0, 35, 1898.51, 32370671, 840, 40, 0
3289, 74, 198, 863, 2, 0, 24.90%, 39, 0, 35, 19295.05, 32386100, 840, 40, 0
3294, 74, 491, 863, 1, 0, 24.90%, 39, 0, 35, 3342.98, 32435539, 840, 40, 0
3300, 74, 667, 863, 1, 0, 24.90%, 39, 0, 35, 705.82, 32495825, 840, 40, 0
3305, 74, 849, 863, 1, 0, 24.90%, 39, 0, 35, 13821.68, 32557021, 840, 40, 0
3310, 74, 799, 863, 1, 0, 24.90%, 39, 0, 35, 18119.40, 32591616, 840, 40, 0
3315, 75, 393, 863, 1, 0, 24.90%, 39, 0, 35, 9995.71, 32663536, 840, 40, 0
3320, 75, 710, 863, 1, 0, 24.90%, 39, 0, 35, 14800.44, 32734271, 840, 40, 0
3325, 75, 584, 863, 1, 0, 24.90%, 39, 0, 35, 1066.79, 32782755, 840, 40, 0
3330, 75, 311, 863, 1, 0, 24.90%, 39, 0, 35, 14759.29, 32846883, 840, 40, 0
3335, 75, 456, 863, 0, 0, 24.90%, 39, 0, 35, 13624.01, 32897911, 840, 40, 0
3341, 75, 208, 863, 0, 0, 24.90%, 39, 0, 35, 15810.19, 32949978, 840, 40, 0
3346, 75, 668, 863, 0, 0, 24.90%, 39, 0, 35, 3235.85, 33025917, 840, 40, 0
3351, 75, 249, 863, 0, 0, 24.90%, 39, 0, 35, 12051.92, 33075648, 840, 40, 0
3356, 75, 370, 863, 0, 0, 24.90%, 39, 0, 35, 17174.82, 33098883, 840, 40, 0
3361, 75, 710, 863, 0, 0, 24.90%, 39, 0, 35, 10298.55, 33161813, 840, 40, 0
3366, 75, 325, 863, 0, 0, 24.90%, 39, 0, 35, 9704.04, 33198615, 840, 40, 0
3371, 75, 659, 863, 0, 0, 24.90%, 39, 0, 35, 125.86, 33244032, 840, 40, 0
3376, 75, 659, 863, 0, 0, 24.90%, 39, 0, 35, 148.09, 33244806, 840, 40, 0
3381, 76, 729, 863, 0, 0, 24.90%, 39, 0, 35, 14683.82, 33297105, 840, 40, 0
3386, 76, 430, 865, 2, 0, 24.90%, 39, 0, 36, 9708.50, 33346977, 840, 40, 0
3393, 76, 863, 867, 3, 0, 24.90%, 39, 0, 37, 8347.09, 33385620, 840, 40, 0
3398, 76, 865, 869, 4, 0, 24.90%, 39, 0, 38, 7437.00, 33416630, 840, 40, 0
3403, 76, 866, 870, 3, 0, 24.90%, 39, 0, 39, 5423.25, 33439271, 840, 40, 0
3408, 76, 710, 870, 2, 0, 24.90%, 39, 0, 39, 10474.51, 33487690, 840, 40, 0
3414, 76, 868, 870, 2, 0, 24.90%, 39, 0, 39, 3631.22, 33530357, 840, 40, 0
3419, 76, 659, 872, 3, 0, 24.90%, 39, 0, 39, 488.04, 33563019, 840, 40, 0
3424, 76, 649, 872, 3, 0, 24.90%, 39, 0, 39, 7949.34, 33570866, 840, 40, 0
3431, 76, 870, 872, 2, 0, 24.90%, 39, 0, 39, 10458.58, 33634232, 840, 40, 0
3437, 76, 448, 872, 1, 0, 24.90%, 39, 0, 39, 16193.75, 33700519, 840, 40, 0
3442, 76, 869, 872, 1, 0, 24.90%, 39, 0, 39, 13689.99, 33766409, 840, 40, 0
3447, 76, 522, 873, 1, 0, 24.90%, 39, 0, 40, 3604.91, 33804145, 840, 40, 0
3453, 76, 872, 873, 1, 0, 24.90%, 39, 0, 40, 3099.85, 33865658, 840, 40, 0
3458, 76, 325, 873, 0, 0, 24.90%, 39, 0, 40, 18082.87, 33926126, 840, 40, 0
3463, 77, 221, 873, 0, 0, 24.90%, 39, 0, 40, 835.96, 33990314, 840, 40, 0
3468, 77, 710, 873, 0, 0, 24.90%, 39, 0, 40, 17343.85, 34056552, 840, 40, 0
3474, 77, 393, 873, 0, 0, 24.90%, 39, 0, 40, 17084.57, 34134646, 840, 40, 0
3479, 77, 654, 873, 0, 0, 24.90%, 39, 0, 40, 1374.77, 34168482, 840, 40, 0
3484, 77, 794, 873, 0, 0, 24.90%, 39, 0, 40, 14785.12, 34218008, 840, 40, 0
3489, 77, 374, 873, 0, 0, 24.90%, 39, 0, 40, 11603.61, 34281085, 840, 40, 0
3494, 77, 741, 873, 0, 0, 24.90%, 39, 0, 40, 16366.48, 34353548, 840, 40, 0
3499, 77, 456, 873, 0, 0, 24.90%, 39, 0, 40, 19688.28, 34428087, 840, 40, 0
3504, 77, 659, 873, 0, 0, 24.90%, 39, 0, 40, 166.04, 34439638, 840, 40, 0
3509, 77, 710, 873, 0, 0, 24.90%, 39, 0, 40, 8770.51, 34450630, 840, 40, 0
3514, 77, 132, 873, 0, 0, 24.90%, 39, 0, 40, 11883.49, 34502317, 840, 40, 0
3519, 77, 676, 873, 0, 0, 24.90%, 39, 0, 40, 3222.29, 34565945, 840, 40, 0
3525, 78, 852, 873, 0, 0, 24.90%, 39, 0, 40, 7170.47, 34630965, 840, 40, 0
3530, 78, 430, 873, 0, 0, 24.90%, 39, 0, 40, 5174.34, 34645747, 840, 40, 0
3535, 78, 186, 873, 0, 0, 24.90%, 39, 0, 40, 17245.58, 34709850, 840, 40, 0
3540, 78, 72, 873, 0, 0, 24.90%, 39, 0, 40, 17440.69, 34768871, 840, 40, 0
3545, 78, 701, 873, 0, 0, 24.90%, 39, 0, 40, 15233.08, 34841439, 840, 40, 0
3550, 78, 151, 873, 0, 0, 24.90%, 39, 0, 40, 494.10, 34894421, 840, 40, 0
3555, 78, 237, 873, 0, 0, 24.90%, 39, 0, 40, 11555.23, 34957982, 840, 40, 0
3560, 78, 174, 873, 0, 0, 24.90%, 39, 0, 40, 14140.99, 35009286, 840, 40, 0
3565, 78, 626, 873, 0, 0, 24.90%, 39, 0, 40, 15016.04, 35081064, 840, 40, 0
3570, 78, 337, 873, 0, 0, 24.90%, 39, 0, 40, 2569.02, 35141873, 840, 40, 0
3575, 78, 197, 873, 0, 0, 24.90%, 39, 0, 40, 10668.43, 35205432, 840, 40, 0
3580, 79, 175, 873, 0, 0, 24.90%, 39, 0, 40, 17594.36, 35267613, 840, 40, 0
3585, 79, 430, 873, 0, 0, 24.90%, 39, 0, 40, 15593.33, 35330652, 840, 40, 0
3591, 79, 658, 873, 0, 0, 24.90%, 39, 0, 40, 12638.45, 35397529, 840, 40, 0
3596, 79, 686, 873, 0, 0, 24.90%, 39, 0, 40, 13123.00, 35468381, 840, 40, 0
3601, 79, 760, 873, 0, 0, 24.90%, 39, 0, 40, 6313.99, 35511923, 840, 40, 0
3606, 79, 456, 873, 0, 0, 24.90%, 39, 0, 40, 4252.43, 35565470, 840, 40, 0
3611, 79, 710, 873, 0, 0, 24.90%, 39, 0, 40, 13282.52, 35644622, 840, 40, 0
3616, 79, 644, 873, 0, 0, 24.90%, 39, 0, 40, 13590.39, 35701538, 840, 40, 0
3622, 79, 645, 873, 0, 0, 24.90%, 39, 0, 40, 18238.53, 35766094, 840, 40, 0
3627, 79, 722, 873, 0, 0, 24.90%, 39, 0, 40, 12512.71, 35829351, 840, 40, 0
3633, 80, 667, 873, 0, 0, 24.90%, 39, 0, 40, 1183.11, 35897052, 840, 40, 0
3638, 80, 146, 873, 0, 0, 24.90%, 39, 0, 40, 14887.33, 35968152, 840, 40, 0
3643, 80, 248, 873, 0, 0, 24.90%, 39, 0, 40, 19064.20, 36014783, 840, 40, 0
3648, 80, 518, 873, 0, 0, 24.90%, 39, 0, 40, 7237.90, 36040744, 840, 40, 0
3653, 80, 249, 873, 0, 0, 24.90%, 39, 0, 40, 10681.37, 36084811, 840, 40, 0
3659, 80, 654, 873, 0, 0, 24.90%, 39, 0, 40, 136.20, 36119209, 840, 40, 0
3664, 80, 660, 873, 0, 0, 24.90%, 39, 0, 40, 163.48, 36144099, 840, 40, 0
3670, 80, 721, 873, 0, 0, 24.90%, 39, 0, 40, 11745.07, 36200540, 840, 40, 0
3672, 80, 289, 873, 0, 0, 24.90%, 39, 0, 40, 12378.12, 36232625, 840, 40, 0
