# relative_time, cycles_done, cur_item, corpus_count, pending_total, pending_favs, map_size, saved_crashes, saved_hangs, max_depth, execs_per_sec, total_execs, edges_found, total_crashes, servers_count
60, 0, 38, 54, 18, 1, 7.01%, 0, 0, 4, 413.20, 22905, 236, 0, 0
65, 0, 38, 55, 19, 1, 7.04%, 0, 0, 4, 417.50, 25112, 237, 0, 0
70, 0, 38, 55, 19, 1, 7.04%, 0, 0, 4, 383.03, 27025, 237, 0, 0
75, 0, 38, 55, 19, 1, 7.04%, 0, 0, 4, 396.89, 28796, 237, 0, 0
80, 0, 56, 59, 13, 2, 7.16%, 0, 0, 5, 391.15, 30823, 241, 0, 0
86, 0, 13, 59, 11, 0, 7.16%, 0, 0, 5, 391.72, 32865, 241, 0, 0
91, 0, 59, 61, 13, 1, 7.19%, 0, 0, 7, 400.08, 34889, 242, 0, 0
96, 1, 56, 61, 11, 0, 7.19%, 0, 0, 7, 376.09, 36721, 242, 0, 0
101, 1, 12, 61, 9, 0, 7.19%, 0, 0, 7, 424.33, 38952, 242, 0, 0
106, 1, 19, 61, 8, 0, 7.19%, 0, 0, 7, 416.93, 40621, 242, 0, 0
111, 1, 46, 61, 7, 0, 7.19%, 0, 0, 7, 411.46, 42760, 242, 0, 0
116, 2, 55, 61, 5, 0, 7.19%, 0, 0, 7, 383.92, 44702, 242, 0, 0
121, 2, 37, 61, 5, 0, 7.19%, 0, 0, 7, 350.49, 46402, 242, 0, 0
126, 2, 54, 61, 4, 0, 7.19%, 0, 0, 7, 397.08, 48398, 242, 0, 0
131, 2, 17, 61, 4, 0, 7.19%, 0, 0, 7, 400.11, 50449, 242, 0, 0
136, 2, 22, 61, 3, 0, 7.19%, 0, 0, 7, 437.26, 52083, 242, 0, 0
141, 3, 41, 62, 3, 0, 7.31%, 0, 0, 7, 412.80, 54174, 246, 0, 0
147, 3, 22, 62, 2, 0, 7.31%, 0, 0, 7, 421.66, 56340, 246, 0, 0
152, 3, 61, 65, 5, 0, 7.43%, 0, 0, 7, 420.15, 58483, 250, 0, 0
157, 3, 61, 70, 10, 0, 7.81%, 0, 0, 7, 430.43, 60656, 263, 0, 0
162, 3, 61, 75, 15, 0, 8.26%, 0, 0, 7, 376.24, 62586, 278, 0, 0
167, 3, 61, 75, 15, 0, 8.26%, 0, 0, 7, 19.44, 63721, 278, 0, 0
172, 3, 61, 76, 16, 0, 8.35%, 0, 0, 7, 320.65, 65498, 281, 0, 0
177, 3, 61, 76, 16, 0, 8.35%, 0, 0, 7, 379.43, 67521, 281, 0, 0
182, 3, 61, 76, 16, 0, 8.35%, 0, 0, 7, 352.45, 69296, 281, 0, 0
187, 3, 64, 77, 15, 13, 8.44%, 0, 0, 7, 379.30, 71316, 284, 0, 0
192, 3, 67, 78, 11, 8, 8.88%, 0, 0, 7, 377.58, 73298, 299, 0, 0
198, 3, 56, 78, 8, 5, 8.88%, 0, 0, 7, 23.32, 74912, 299, 0, 0
203, 3, 77, 85, 13, 3, 9.03%, 0, 0, 8, 394.76, 76933, 304, 0, 0
208, 3, 77, 87, 15, 3, 9.21%, 0, 0, 8, 424.39, 79186, 310, 0, 0
213, 3, 77, 88, 16, 3, 9.21%, 0, 0, 8, 405.85, 81193, 310, 0, 0
218, 3, 77, 89, 17, 3, 9.21%, 0, 0, 8, 381.71, 83156, 310, 0, 0
224, 3, 77, 90, 18, 3, 9.27%, 0, 0, 8, 376.66, 85046, 312, 0, 0
229, 3, 77, 90, 18, 3, 9.27%, 0, 0, 8, 6.36, 86867, 312, 0, 0
234, 3, 77, 91, 19, 3, 10.67%, 0, 0, 8, 373.31, 88637, 359, 0, 0
239, 3, 90, 100, 25, 7, 11.35%, 0, 0, 9, 371.66, 90492, 382, 0, 0
244, 3, 90, 105, 30, 7, 11.68%, 0, 0, 9, 422.97, 92710, 393, 0, 0
249, 3, 90, 106, 31, 7, 11.71%, 0, 0, 9, 342.04, 94403, 394, 0, 0
254, 3, 90, 106, 31, 7, 11.71%, 0, 0, 9, 353.52, 96253, 394, 0, 0
260, 3, 90, 108, 33, 7, 11.76%, 0, 0, 9, 354.99, 97919, 396, 0, 0
265, 3, 90, 108, 33, 7, 11.76%, 0, 0, 9, 397.47, 99823, 396, 0, 0
270, 3, 90, 108, 33, 7, 11.76%, 0, 0, 9, 432.89, 102155, 396, 0, 0
275, 3, 90, 109, 34, 7, 12.24%, 0, 0, 9, 422.22, 104170, 412, 0, 0
280, 3, 90, 111, 36, 7, 12.51%, 0, 0, 9, 370.23, 106053, 421, 0, 0
285, 3, 90, 113, 38, 7, 12.54%, 0, 0, 9, 396.29, 108083, 422, 0, 0
290, 3, 90, 113, 38, 7, 12.54%, 0, 0, 9, 341.33, 109764, 422, 0, 0
295, 3, 90, 113, 38, 7, 12.54%, 0, 0, 9, 329.99, 110982, 422, 0, 0
300, 3, 90, 113, 38, 7, 12.54%, 0, 0, 9, 320.34, 112566, 422, 0, 0
305, 3, 90, 114, 39, 7, 12.60%, 0, 0, 9, 326.34, 114241, 424, 0, 0
310, 3, 90, 114, 39, 7, 12.60%, 0, 0, 9, 348.19, 115969, 424, 0, 0
315, 3, 90, 114, 39, 7, 12.60%, 0, 0, 9, 325.63, 117583, 424, 0, 0
321, 3, 81, 114, 38, 16, 12.60%, 0, 0, 9, 319.83, 119238, 424, 0, 0
326, 3, 82, 120, 43, 16, 13.13%, 0, 0, 9, 345.21, 120664, 442, 0, 0
331, 3, 82, 121, 44, 16, 13.28%, 0, 0, 9, 330.72, 122339, 447, 0, 0
336, 3, 82, 123, 46, 16, 13.28%, 0, 0, 9, 344.17, 124015, 447, 0, 0
341, 3, 82, 123, 46, 16, 13.28%, 0, 0, 9, 334.41, 125755, 447, 0, 0
346, 3, 82, 124, 47, 16, 13.28%, 0, 0, 9, 321.97, 127220, 447, 0, 0
351, 3, 82, 124, 47, 16, 13.28%, 0, 0, 9, 312.63, 128780, 447, 0, 0
356, 3, 82, 125, 48, 16, 13.34%, 0, 0, 9, 284.25, 129897, 449, 0, 0
361, 3, 85, 125, 46, 19, 13.34%, 0, 0, 9, 293.30, 131376, 449, 0, 0
367, 3, 86, 126, 45, 18, 13.37%, 0, 0, 10, 300.93, 132879, 450, 0, 0
372, 3, 89, 131, 49, 18, 13.52%, 0, 0, 10, 327.00, 134584, 455, 0, 0
377, 3, 89, 131, 49, 18, 13.52%, 0, 0, 10, 328.05, 136204, 455, 0, 0
382, 3, 89, 132, 50, 18, 13.52%, 0, 0, 10, 327.85, 137861, 455, 0, 0
387, 3, 89, 132, 50, 18, 13.52%, 0, 0, 10, 332.85, 139151, 455, 0, 0
392, 3, 89, 132, 50, 18, 13.52%, 0, 0, 10, 320.76, 140759, 455, 0, 0
397, 3, 89, 132, 50, 18, 13.52%, 0, 0, 10, 353.10, 142532, 455, 0, 0
402, 3, 92, 133, 50, 18, 13.52%, 0, 0, 10, 357.80, 144341, 455, 0, 0
407, 3, 100, 133, 47, 15, 13.52%, 0, 0, 10, 354.00, 146169, 455, 0, 0
412, 3, 107, 135, 47, 13, 13.61%, 0, 0, 10, 359.09, 147964, 458, 0, 0
417, 3, 107, 136, 48, 13, 13.61%, 0, 0, 10, 304.15, 149237, 458, 0, 0
422, 3, 107, 137, 49, 13, 13.64%, 0, 0, 10, 319.33, 150966, 459, 0, 0
428, 3, 107, 138, 50, 13, 13.64%, 0, 0, 10, 372.22, 152830, 459, 0, 0
433, 3, 107, 138, 50, 13, 13.64%, 0, 0, 10, 414.82, 155009, 459, 0, 0
438, 3, 105, 139, 50, 14, 13.64%, 0, 0, 10, 416.55, 157104, 459, 0, 0
443, 3, 105, 147, 58, 14, 15.98%, 0, 0, 10, 373.11, 158954, 538, 0, 0
448, 3, 105, 148, 59, 14, 15.98%, 0, 0, 10, 367.92, 160648, 538, 0, 0
453, 3, 105, 148, 59, 14, 15.98%, 0, 0, 10, 409.57, 162811, 538, 0, 0
458, 3, 108, 152, 62, 20, 16.19%, 0, 0, 10, 389.01, 164784, 545, 0, 0
463, 3, 108, 154, 64, 20, 16.34%, 0, 0, 10, 374.73, 166687, 550, 0, 0
469, 3, 108, 154, 64, 20, 16.34%, 0, 0, 10, 361.13, 168452, 550, 0, 0
474, 3, 108, 154, 64, 20, 16.34%, 0, 0, 10, 347.65, 170088, 550, 0, 0
479, 3, 108, 154, 64, 20, 16.34%, 0, 0, 10, 318.41, 171126, 550, 0, 0
484, 3, 108, 155, 65, 20, 16.34%, 0, 0, 10, 337.08, 172843, 550, 0, 0
489, 3, 108, 155, 65, 20, 16.34%, 0, 0, 10, 326.36, 174469, 550, 0, 0
494, 3, 108, 156, 66, 20, 16.37%, 0, 0, 10, 318.87, 176174, 551, 0, 0
499, 3, 108, 157, 67, 20, 16.40%, 0, 0, 10, 345.09, 177897, 552, 0, 0
504, 3, 108, 157, 67, 20, 16.40%, 0, 0, 10, 314.45, 179559, 552, 0, 0
510, 3, 108, 158, 68, 20, 16.40%, 0, 0, 10, 22.88, 181198, 552, 0, 0
515, 3, 108, 158, 68, 20, 16.40%, 0, 0, 10, 329.00, 182992, 552, 0, 0
520, 3, 108, 158, 68, 20, 16.40%, 0, 0, 10, 323.23, 184636, 552, 0, 0
525, 3, 108, 158, 68, 20, 16.40%, 0, 0, 10, 300.43, 186124, 552, 0, 0
530, 3, 108, 158, 68, 20, 16.40%, 0, 0, 10, 300.73, 187702, 552, 0, 0
535, 3, 108, 158, 68, 20, 16.40%, 0, 0, 10, 299.44, 189238, 552, 0, 0
540, 3, 108, 158, 68, 20, 16.40%, 0, 0, 10, 45.52, 190618, 552, 0, 0
545, 3, 108, 158, 68, 20, 16.40%, 0, 0, 10, 351.08, 192162, 552, 0, 0
550, 3, 108, 158, 68, 20, 16.40%, 0, 0, 10, 331.61, 193840, 552, 0, 0
555, 3, 108, 159, 69, 20, 16.43%, 0, 0, 10, 354.20, 195611, 553, 0, 0
560, 3, 108, 159, 69, 20, 16.43%, 0, 0, 10, 326.83, 197279, 553, 0, 0
565, 3, 108, 159, 69, 20, 16.43%, 0, 0, 10, 317.62, 198887, 553, 0, 0
570, 3, 108, 159, 69, 20, 16.43%, 0, 0, 10, 319.61, 200453, 553, 0, 0
575, 3, 108, 159, 69, 20, 16.43%, 0, 0, 10, 326.60, 201725, 553, 0, 0
581, 3, 111, 159, 68, 26, 16.43%, 0, 0, 10, 319.13, 203459, 553, 0, 0
586, 3, 154, 161, 69, 25, 16.43%, 0, 0, 11, 340.30, 205235, 553, 0, 0
591, 3, 134, 161, 65, 21, 16.43%, 0, 0, 11, 360.68, 207194, 553, 0, 0
596, 3, 130, 161, 62, 18, 16.43%, 0, 0, 11, 333.99, 208812, 553, 0, 0
601, 3, 139, 170, 67, 14, 16.93%, 0, 0, 11, 373.73, 210727, 570, 0, 0
606, 3, 139, 191, 88, 14, 18.21%, 0, 0, 11, 362.13, 212162, 613, 0, 0
612, 3, 139, 195, 92, 14, 18.87%, 0, 0, 11, 314.34, 213795, 635, 0, 0
617, 3, 139, 196, 93, 14, 18.87%, 0, 0, 11, 308.37, 215284, 635, 0, 0
622, 3, 139, 199, 96, 14, 18.87%, 0, 0, 11, 310.36, 216805, 635, 0, 0
627, 3, 139, 202, 99, 14, 18.89%, 0, 0, 11, 340.67, 218608, 636, 0, 0
632, 3, 139, 204, 101, 14, 18.89%, 0, 0, 11, 327.94, 220260, 636, 0, 0
637, 3, 139, 207, 104, 14, 18.89%, 0, 0, 11, 341.71, 221571, 636, 0, 0
642, 3, 139, 208, 105, 14, 18.89%, 0, 0, 11, 332.88, 223324, 636, 0, 0
647, 3, 139, 212, 109, 14, 18.89%, 0, 0, 11, 350.16, 225140, 636, 0, 0
652, 3, 139, 212, 109, 14, 18.89%, 0, 0, 11, 340.93, 226838, 636, 0, 0
657, 3, 139, 213, 110, 14, 18.89%, 0, 0, 11, 353.68, 228579, 636, 0, 0
662, 3, 139, 213, 110, 14, 18.89%, 0, 0, 11, 345.50, 230361, 636, 0, 0
667, 3, 139, 215, 112, 14, 18.89%, 0, 0, 11, 314.09, 231701, 636, 0, 0
673, 3, 139, 216, 113, 14, 18.89%, 0, 0, 11, 318.35, 233346, 636, 0, 0
678, 3, 139, 218, 115, 14, 18.89%, 0, 0, 11, 325.51, 234986, 636, 0, 0
683, 3, 139, 218, 115, 14, 18.89%, 0, 0, 11, 313.59, 236534, 636, 0, 0
688, 3, 139, 222, 119, 14, 18.89%, 0, 0, 11, 354.37, 238342, 636, 0, 0
693, 3, 142, 222, 118, 21, 18.89%, 0, 0, 11, 356.81, 240141, 636, 0, 0
698, 3, 145, 224, 118, 19, 18.92%, 0, 0, 11, 424.69, 241671, 637, 0, 0
703, 3, 145, 232, 126, 19, 19.07%, 0, 0, 11, 334.15, 243339, 642, 0, 0
708, 3, 145, 234, 128, 19, 19.49%, 0, 0, 11, 324.91, 244973, 656, 0, 0
713, 3, 145, 234, 128, 19, 19.49%, 0, 0, 11, 379.03, 246930, 656, 0, 0
718, 3, 145, 238, 132, 19, 19.52%, 0, 0, 11, 288.84, 248411, 657, 0, 0
723, 3, 146, 246, 139, 20, 19.55%, 0, 0, 11, 381.57, 250450, 658, 0, 0
728, 3, 146, 248, 141, 20, 19.58%, 0, 0, 11, 384.87, 252004, 659, 0, 0
734, 3, 146, 248, 141, 20, 19.58%, 0, 0, 11, 380.22, 253915, 659, 0, 0
739, 3, 146, 250, 143, 20, 19.64%, 0, 0, 11, 409.38, 256000, 661, 0, 0
744, 3, 149, 253, 145, 22, 19.76%, 0, 0, 11, 432.37, 258221, 665, 0, 0
749, 3, 149, 256, 148, 22, 19.79%, 0, 0, 11, 432.31, 260418, 666, 0, 0
754, 3, 149, 259, 151, 22, 19.82%, 0, 0, 11, 417.64, 262559, 667, 0, 0
759, 3, 149, 259, 151, 22, 19.82%, 0, 0, 11, 18.99, 264131, 667, 0, 0
764, 3, 149, 261, 153, 22, 19.82%, 0, 0, 11, 403.16, 266189, 667, 0, 0
769, 3, 149, 262, 154, 22, 19.85%, 0, 0, 11, 419.72, 268236, 668, 0, 0
774, 3, 149, 263, 155, 22, 19.96%, 0, 0, 11, 458.39, 270604, 672, 0, 0
779, 3, 149, 264, 156, 22, 19.96%, 0, 0, 11, 425.37, 272722, 672, 0, 0
784, 3, 149, 265, 157, 22, 19.96%, 0, 0, 11, 453.79, 275055, 672, 0, 0
790, 3, 149, 265, 157, 22, 19.96%, 0, 0, 11, 7.43, 277296, 672, 0, 0
795, 3, 149, 265, 157, 22, 19.96%, 0, 0, 11, 411.33, 279281, 672, 0, 0
800, 3, 149, 267, 159, 22, 19.99%, 0, 0, 11, 424.97, 281511, 673, 0, 0
805, 3, 149, 268, 160, 22, 19.99%, 0, 0, 11, 422.88, 283678, 673, 0, 0
810, 3, 149, 268, 160, 22, 19.99%, 0, 0, 11, 391.42, 285572, 673, 0, 0
815, 3, 158, 269, 157, 23, 20.02%, 0, 0, 11, 454.52, 287949, 674, 0, 0
821, 3, 179, 276, 161, 20, 20.02%, 0, 0, 12, 388.22, 289793, 674, 0, 0
826, 3, 179, 283, 168, 20, 20.02%, 0, 0, 12, 390.24, 291543, 674, 0, 0
831, 3, 179, 284, 169, 20, 20.02%, 0, 0, 12, 429.06, 293777, 674, 0, 0
836, 3, 179, 286, 171, 20, 20.02%, 0, 0, 12, 372.51, 295589, 674, 0, 0
841, 3, 181, 305, 189, 22, 20.14%, 0, 0, 12, 407.61, 297759, 678, 0, 0
846, 3, 181, 310, 194, 22, 20.26%, 0, 0, 12, 414.10, 299937, 682, 0, 0
852, 3, 181, 311, 195, 22, 20.26%, 0, 0, 12, 58.53, 301668, 682, 0, 0
857, 3, 181, 315, 199, 22, 20.29%, 0, 0, 12, 388.93, 303313, 683, 0, 0
862, 3, 181, 316, 200, 22, 20.29%, 0, 0, 12, 348.97, 305049, 683, 0, 0
867, 3, 181, 318, 202, 22, 20.29%, 0, 0, 12, 423.57, 307225, 683, 0, 0
872, 3, 181, 319, 203, 22, 20.29%, 0, 0, 12, 415.64, 309336, 683, 0, 0
877, 3, 181, 319, 203, 22, 20.29%, 0, 0, 12, 382.49, 311216, 683, 0, 0
882, 3, 181, 320, 204, 22, 20.29%, 0, 0, 12, 350.53, 312987, 683, 0, 0
887, 3, 181, 321, 205, 22, 20.29%, 0, 0, 12, 349.32, 314328, 683, 0, 0
892, 3, 181, 322, 206, 22, 20.29%, 0, 0, 12, 382.58, 316368, 683, 0, 0
897, 3, 181, 324, 208, 22, 20.29%, 0, 0, 12, 347.76, 318129, 683, 0, 0
903, 3, 181, 324, 208, 22, 20.29%, 0, 0, 12, 378.51, 320085, 683, 0, 0
908, 3, 181, 324, 208, 22, 20.29%, 0, 0, 12, 361.52, 321884, 683, 0, 0
913, 3, 181, 324, 208, 22, 20.29%, 0, 0, 12, 339.20, 323607, 683, 0, 0
918, 3, 181, 325, 209, 22, 20.29%, 0, 0, 12, 398.01, 325097, 683, 0, 0
923, 3, 181, 326, 210, 22, 20.29%, 0, 0, 12, 368.01, 327015, 683, 0, 0
928, 3, 283, 326, 208, 24, 20.29%, 0, 0, 12, 380.09, 329026, 683, 0, 0
933, 3, 222, 328, 209, 23, 20.29%, 0, 0, 13, 368.10, 330907, 683, 0, 0
939, 3, 222, 332, 213, 23, 20.29%, 0, 0, 13, 365.07, 332734, 683, 0, 0
944, 3, 222, 332, 213, 23, 20.29%, 0, 0, 13, 399.32, 334638, 683, 0, 0
949, 3, 222, 332, 213, 23, 20.29%, 0, 0, 13, 412.91, 336247, 683, 0, 0
954, 3, 222, 332, 213, 23, 20.29%, 0, 0, 13, 372.68, 338110, 683, 0, 0
959, 3, 222, 332, 213, 23, 20.29%, 0, 0, 13, 365.03, 339909, 683, 0, 0
964, 3, 302, 333, 212, 22, 20.29%, 0, 0, 13, 361.18, 341702, 683, 0, 0
969, 3, 248, 339, 217, 21, 20.47%, 0, 0, 13, 361.98, 343588, 689, 0, 0
974, 3, 248, 343, 221, 21, 20.50%, 0, 0, 13, 366.60, 345422, 690, 0, 0
979, 3, 248, 345, 223, 21, 20.53%, 0, 0, 13, 328.12, 346790, 691, 0, 0
984, 3, 248, 346, 224, 21, 20.53%, 0, 0, 13, 385.37, 348768, 691, 0, 0
989, 3, 248, 346, 224, 21, 20.53%, 0, 0, 13, 369.40, 350616, 691, 0, 0
994, 3, 248, 346, 224, 21, 20.53%, 0, 0, 13, 357.15, 352429, 691, 0, 0
999, 3, 242, 349, 224, 21, 20.56%, 0, 0, 13, 363.97, 354291, 692, 0, 0
1005, 3, 255, 349, 221, 18, 20.56%, 0, 0, 13, 350.78, 356108, 692, 0, 0
1010, 3, 255, 350, 222, 18, 20.56%, 0, 0, 13, 278.41, 357317, 692, 0, 0
1015, 3, 301, 351, 220, 15, 20.56%, 0, 0, 13, 305.75, 358925, 692, 0, 0
1020, 3, 257, 352, 219, 13, 20.56%, 0, 0, 13, 334.55, 360698, 692, 0, 0
1026, 3, 348, 355, 221, 12, 20.59%, 0, 0, 13, 359.81, 362608, 693, 0, 0
1031, 3, 348, 358, 224, 12, 20.68%, 0, 0, 13, 411.65, 364759, 696, 0, 0
1036, 3, 348, 360, 226, 12, 20.74%, 0, 0, 13, 391.50, 366731, 698, 0, 0
1041, 3, 348, 360, 226, 12, 20.74%, 0, 0, 13, 474.63, 368473, 698, 0, 0
1046, 3, 348, 360, 226, 12, 20.74%, 0, 0, 13, 398.50, 370461, 698, 0, 0
1051, 3, 258, 369, 234, 15, 20.74%, 0, 0, 13, 346.22, 372157, 698, 0, 0
1056, 3, 258, 374, 239, 15, 20.74%, 0, 0, 13, 340.17, 373878, 698, 0, 0
1061, 3, 258, 376, 241, 15, 20.74%, 0, 0, 13, 361.79, 375735, 698, 0, 0
1066, 3, 258, 377, 242, 15, 20.74%, 0, 0, 13, 378.65, 377653, 698, 0, 0
1072, 3, 258, 379, 244, 15, 20.74%, 0, 0, 13, 358.37, 379102, 698, 0, 0
1077, 3, 268, 379, 243, 15, 20.74%, 0, 0, 13, 278.47, 380443, 698, 0, 0
1082, 3, 354, 380, 243, 14, 20.74%, 0, 0, 13, 303.61, 382169, 698, 0, 0
1087, 3, 280, 382, 243, 12, 20.74%, 0, 0, 13, 392.57, 384265, 698, 0, 0
1092, 3, 280, 384, 245, 12, 20.74%, 0, 0, 13, 421.95, 386408, 698, 0, 0
1098, 3, 280, 384, 245, 12, 20.74%, 0, 0, 13, 444.88, 388768, 698, 0, 0
1103, 3, 280, 385, 246, 12, 20.74%, 0, 0, 13, 384.27, 390138, 698, 0, 0
1108, 3, 354, 385, 243, 12, 20.74%, 0, 0, 13, 392.91, 392139, 698, 0, 0
1113, 3, 292, 387, 244, 11, 20.74%, 0, 0, 13, 415.08, 394345, 698, 0, 0
1118, 3, 309, 396, 250, 9, 20.74%, 0, 0, 13, 404.28, 396480, 698, 0, 0
1123, 3, 309, 402, 256, 9, 20.74%, 0, 0, 13, 363.33, 398295, 698, 0, 0
1128, 3, 309, 405, 259, 9, 20.74%, 0, 0, 13, 378.07, 400234, 698, 0, 0
1133, 3, 309, 405, 259, 9, 20.74%, 0, 0, 13, 385.78, 401718, 698, 0, 0
1138, 3, 309, 406, 260, 9, 20.74%, 0, 0, 13, 354.67, 403461, 698, 0, 0
1143, 3, 309, 407, 261, 9, 20.74%, 0, 0, 13, 356.07, 405260, 698, 0, 0
1148, 3, 330, 410, 262, 10, 20.89%, 0, 0, 13, 387.49, 407255, 703, 0, 0
1154, 3, 359, 410, 259, 7, 20.89%, 0, 0, 13, 381.38, 409422, 703, 0, 0
1159, 3, 380, 411, 257, 4, 20.89%, 0, 0, 14, 374.94, 411286, 703, 0, 0
1164, 3, 398, 414, 258, 3, 20.89%, 0, 0, 14, 342.48, 412668, 703, 0, 0
1169, 3, 325, 417, 259, 2, 20.89%, 0, 0, 14, 381.48, 414798, 703, 0, 0
1174, 3, 411, 420, 260, 3, 20.92%, 0, 0, 15, 365.56, 416643, 704, 0, 0
1179, 3, 210, 422, 260, 2, 20.92%, 0, 0, 15, 368.52, 418522, 704, 0, 0
1186, 3, 417, 423, 259, 2, 20.92%, 0, 0, 15, 354.55, 420757, 704, 0, 0
1191, 3, 418, 424, 257, 1, 20.92%, 0, 0, 16, 347.21, 422551, 704, 0, 0
1196, 3, 255, 430, 261, 0, 20.92%, 0, 0, 16, 358.62, 423930, 704, 0, 0
1201, 3, 429, 431, 260, 0, 20.92%, 0, 0, 16, 341.49, 425630, 704, 0, 0
1206, 3, 429, 434, 263, 0, 20.92%, 0, 0, 16, 372.65, 427471, 704, 0, 0
1211, 3, 429, 436, 265, 0, 20.92%, 0, 0, 16, 363.73, 429312, 704, 0, 0
1216, 3, 429, 437, 266, 0, 20.92%, 0, 0, 16, 368.36, 431160, 704, 0, 0
1221, 3, 429, 438, 267, 0, 20.92%, 0, 0, 16, 347.09, 432894, 704, 0, 0
1226, 3, 429, 438, 267, 0, 20.92%, 0, 0, 16, 383.08, 434285, 704, 0, 0
1231, 3, 429, 442, 271, 0, 20.92%, 0, 0, 16, 373.11, 436249, 704, 0, 0
1236, 3, 429, 443, 272, 0, 20.92%, 0, 0, 16, 355.45, 437992, 704, 0, 0
1242, 3, 289, 444, 272, 0, 20.92%, 0, 0, 16, 351.20, 439781, 704, 0, 0
1247, 3, 185, 450, 277, 0, 20.92%, 0, 0, 16, 336.82, 441501, 704, 0, 0
1252, 3, 185, 456, 283, 0, 20.92%, 0, 0, 16, 332.60, 443151, 704, 0, 0
1257, 3, 185, 459, 286, 0, 20.92%, 0, 0, 16, 41.25, 444707, 704, 0, 0
1262, 3, 185, 462, 289, 0, 20.92%, 0, 0, 16, 310.23, 446296, 704, 0, 0
1267, 3, 185, 465, 292, 0, 20.92%, 0, 0, 16, 342.57, 448075, 704, 0, 0
1273, 3, 443, 465, 290, 0, 20.92%, 0, 0, 16, 363.74, 449961, 704, 0, 0
1278, 3, 443, 465, 290, 0, 20.92%, 0, 0, 16, 354.53, 451827, 704, 0, 0
1283, 3, 451, 465, 288, 0, 20.92%, 0, 0, 16, 349.08, 453792, 704, 0, 0
1288, 3, 256, 465, 287, 0, 20.92%, 0, 0, 16, 9.88, 455174, 704, 0, 0
1295, 3, 425, 465, 285, 0, 20.92%, 0, 0, 16, 433.24, 457752, 704, 0, 0
1301, 3, 463, 469, 288, 0, 20.92%, 0, 0, 16, 358.18, 459765, 704, 0, 0
1306, 3, 463, 478, 297, 0, 20.92%, 0, 0, 16, 384.21, 461683, 704, 0, 0
1311, 3, 463, 478, 297, 0, 20.92%, 0, 0, 16, 358.18, 463531, 704, 0, 0
1316, 3, 463, 480, 299, 0, 20.92%, 0, 0, 16, 365.78, 465379, 704, 0, 0
1321, 3, 463, 481, 300, 0, 20.92%, 0, 0, 16, 365.20, 466926, 704, 0, 0
1326, 3, 463, 481, 300, 0, 20.92%, 0, 0, 16, 371.06, 468767, 704, 0, 0
1331, 3, 155, 483, 301, 0, 20.92%, 0, 0, 16, 384.25, 470755, 704, 0, 0
1336, 3, 263, 483, 301, 0, 20.92%, 0, 0, 16, 283.52, 472090, 704, 0, 0
1341, 3, 398, 483, 300, 0, 20.92%, 0, 0, 16, 283.92, 473501, 704, 0, 0
1348, 3, 476, 483, 300, 0, 20.92%, 0, 0, 16, 336.81, 475861, 704, 0, 0
1353, 3, 149, 483, 298, 0, 20.92%, 0, 0, 16, 414.83, 477489, 704, 0, 0
1358, 3, 184, 483, 296, 0, 20.92%, 0, 0, 16, 383.72, 479359, 704, 0, 0
1363, 3, 280, 483, 294, 0, 20.92%, 0, 0, 16, 390.65, 481224, 704, 0, 0
1368, 3, 441, 483, 293, 0, 20.92%, 0, 0, 16, 373.38, 483164, 704, 0, 0
1373, 3, 421, 483, 292, 0, 20.92%, 0, 0, 16, 388.42, 485157, 704, 0, 0
1378, 3, 421, 491, 300, 0, 20.92%, 0, 0, 16, 357.46, 486949, 704, 0, 0
1383, 3, 421, 491, 300, 0, 20.92%, 0, 0, 16, 392.22, 488468, 704, 0, 0
1389, 3, 421, 491, 300, 0, 20.92%, 0, 0, 16, 335.17, 490139, 704, 0, 0
1394, 3, 421, 492, 301, 0, 20.92%, 0, 0, 16, 374.64, 492101, 704, 0, 0
1399, 3, 421, 494, 303, 0, 20.92%, 0, 0, 16, 364.21, 494005, 704, 0, 0
1404, 3, 421, 495, 304, 0, 20.92%, 0, 0, 16, 346.69, 495765, 704, 0, 0
1409, 3, 421, 496, 305, 0, 20.92%, 0, 0, 16, 349.88, 497568, 704, 0, 0
1415, 3, 462, 497, 305, 0, 20.92%, 0, 0, 16, 313.59, 499061, 704, 0, 0
1420, 3, 133, 497, 303, 0, 20.92%, 0, 0, 16, 374.31, 501271, 704, 0, 0
1426, 3, 372, 497, 301, 0, 20.92%, 0, 0, 16, 338.71, 503179, 704, 0, 0
1432, 3, 473, 497, 299, 0, 20.92%, 0, 0, 16, 330.60, 504955, 704, 0, 0
1437, 3, 401, 497, 298, 0, 20.92%, 0, 0, 16, 373.58, 506967, 704, 0, 0
1443, 3, 350, 498, 296, 0, 20.92%, 0, 0, 16, 359.30, 509316, 704, 0, 0
1449, 3, 164, 498, 295, 0, 20.92%, 0, 0, 16, 349.15, 510943, 704, 0, 0
1454, 3, 472, 500, 296, 0, 20.92%, 0, 0, 16, 304.33, 512682, 704, 0, 0
1459, 3, 491, 501, 295, 0, 20.92%, 0, 0, 16, 363.38, 514525, 704, 0, 0
1465, 3, 459, 503, 296, 0, 20.92%, 0, 0, 16, 377.21, 516445, 704, 0, 0
1470, 3, 496, 503, 295, 0, 20.92%, 0, 0, 16, 365.29, 518383, 704, 0, 0
1475, 3, 76, 504, 295, 0, 20.92%, 0, 0, 16, 9.77, 519934, 704, 0, 0
1481, 3, 323, 504, 295, 0, 20.92%, 0, 0, 16, 317.02, 521588, 704, 0, 0
1486, 3, 366, 504, 294, 0, 20.92%, 0, 0, 16, 198.36, 522501, 704, 0, 0
1491, 3, 366, 504, 294, 0, 20.92%, 0, 0, 16, 177.22, 523389, 704, 0, 0
1496, 3, 502, 504, 292, 0, 20.92%, 0, 0, 16, 274.20, 525172, 704, 0, 0
1501, 3, 452, 504, 291, 0, 20.92%, 0, 0, 16, 318.12, 526764, 704, 0, 0
1506, 3, 415, 504, 290, 0, 20.92%, 0, 0, 16, 325.63, 528211, 704, 0, 0
1512, 3, 504, 511, 296, 1, 20.97%, 0, 0, 16, 370.59, 530265, 706, 0, 0
1517, 3, 506, 516, 300, 2, 20.97%, 0, 0, 16, 356.60, 532168, 706, 0, 0
1522, 3, 506, 519, 303, 2, 20.97%, 0, 0, 16, 359.15, 534002, 706, 0, 0
1527, 3, 506, 519, 303, 2, 20.97%, 0, 0, 16, 350.49, 535759, 706, 0, 0
1532, 3, 506, 519, 303, 2, 20.97%, 0, 0, 16, 419.03, 538003, 706, 0, 0
1537, 3, 506, 519, 303, 2, 20.97%, 0, 0, 16, 11.44, 539721, 706, 0, 0
1543, 3, 506, 519, 303, 2, 20.97%, 0, 0, 16, 69.00, 541332, 706, 0, 0
1548, 3, 506, 520, 304, 2, 21.03%, 0, 0, 16, 413.55, 543450, 708, 0, 0
1553, 3, 409, 520, 302, 1, 21.03%, 0, 0, 16, 390.25, 545548, 708, 0, 0
1558, 3, 227, 520, 301, 1, 21.03%, 0, 0, 16, 390.43, 547503, 708, 0, 0
1563, 3, 519, 527, 307, 1, 21.09%, 0, 0, 17, 377.29, 549292, 710, 0, 0
1569, 3, 519, 530, 310, 1, 21.09%, 0, 0, 17, 4.91, 551026, 710, 0, 0
1574, 3, 519, 531, 311, 1, 21.09%, 0, 0, 17, 328.53, 552812, 710, 0, 0
1579, 3, 519, 532, 312, 1, 21.12%, 0, 0, 17, 419.47, 555053, 711, 0, 0
1584, 3, 519, 532, 312, 1, 21.12%, 0, 0, 17, 400.67, 557141, 711, 0, 0
1589, 3, 519, 532, 312, 1, 21.12%, 0, 0, 17, 384.04, 559085, 711, 0, 0
1595, 3, 528, 533, 312, 2, 21.12%, 0, 0, 17, 367.03, 561292, 711, 0, 0
1600, 3, 514, 533, 311, 1, 21.12%, 0, 0, 17, 330.57, 562596, 711, 0, 0
1606, 3, 477, 534, 311, 1, 21.12%, 0, 0, 17, 366.16, 564713, 711, 0, 0
1611, 3, 305, 535, 310, 0, 21.12%, 0, 0, 17, 398.12, 566768, 711, 0, 0
1616, 3, 456, 536, 310, 0, 21.12%, 0, 0, 17, 358.40, 568547, 711, 0, 0
1621, 3, 377, 537, 307, 0, 21.12%, 0, 0, 17, 373.77, 570422, 711, 0, 0
1626, 3, 182, 537, 306, 0, 21.12%, 0, 0, 17, 382.16, 572360, 711, 0, 0
1631, 3, 520, 537, 304, 0, 21.12%, 0, 0, 17, 348.73, 573937, 711, 0, 0
1636, 3, 272, 537, 302, 0, 21.12%, 0, 0, 17, 346.66, 575743, 711, 0, 0
1642, 3, 282, 537, 301, 0, 21.12%, 0, 0, 17, 296.95, 577526, 711, 0, 0
1647, 3, 282, 538, 302, 0, 21.12%, 0, 0, 17, 269.84, 578908, 711, 0, 0
1652, 3, 480, 539, 301, 0, 21.12%, 0, 0, 17, 425.57, 581199, 711, 0, 0
1657, 3, 211, 539, 300, 0, 21.12%, 0, 0, 17, 457.98, 583849, 711, 0, 0
1662, 3, 446, 540, 300, 0, 21.12%, 0, 0, 17, 14.90, 585716, 711, 0, 0
1667, 3, 322, 540, 298, 0, 21.12%, 0, 0, 17, 486.38, 588410, 711, 0, 0
1673, 3, 281, 540, 295, 0, 21.12%, 0, 0, 17, 496.68, 591282, 711, 0, 0
1678, 3, 397, 540, 292, 0, 21.12%, 0, 0, 17, 477.89, 593703, 711, 0, 0
1683, 3, 468, 540, 290, 0, 21.12%, 0, 0, 17, 470.79, 595972, 711, 0, 0
1688, 3, 266, 540, 287, 0, 21.12%, 0, 0, 17, 480.04, 598429, 711, 0, 0
1693, 3, 127, 540, 286, 0, 21.12%, 0, 0, 17, 42.54, 600447, 711, 0, 0
1698, 3, 436, 541, 285, 0, 21.12%, 0, 0, 17, 493.88, 602977, 711, 0, 0
1703, 3, 195, 541, 283, 0, 21.12%, 0, 0, 17, 461.57, 605208, 711, 0, 0
1708, 3, 527, 541, 282, 0, 21.12%, 0, 0, 17, 382.66, 607094, 711, 0, 0
1713, 3, 173, 542, 282, 0, 21.12%, 0, 0, 18, 398.80, 609000, 711, 0, 0
1719, 3, 530, 542, 277, 0, 21.12%, 0, 0, 18, 471.06, 611520, 711, 0, 0
1724, 3, 384, 543, 276, 0, 21.12%, 0, 0, 18, 452.01, 613673, 711, 0, 0
1729, 3, 531, 544, 273, 0, 21.12%, 0, 0, 18, 506.76, 615942, 711, 0, 0
1734, 3, 166, 544, 269, 0, 21.12%, 0, 0, 18, 523.00, 618680, 711, 0, 0
1739, 3, 470, 544, 268, 0, 21.12%, 0, 0, 18, 461.74, 620826, 711, 0, 0
1744, 3, 453, 544, 264, 0, 21.12%, 0, 0, 18, 395.00, 622846, 711, 0, 0
1749, 3, 212, 544, 261, 0, 21.12%, 0, 0, 18, 454.92, 625142, 711, 0, 0
1755, 3, 461, 544, 256, 0, 21.12%, 0, 0, 18, 66.30, 627298, 711, 0, 0
1760, 3, 370, 544, 253, 0, 21.12%, 0, 0, 18, 472.58, 629479, 711, 0, 0
1765, 3, 404, 544, 252, 0, 21.12%, 0, 0, 18, 442.85, 631546, 711, 0, 0
1770, 3, 489, 544, 249, 0, 21.12%, 0, 0, 18, 437.78, 633769, 711, 0, 0
1775, 3, 199, 544, 246, 0, 21.12%, 0, 0, 18, 428.52, 635797, 711, 0, 0
1780, 3, 236, 544, 243, 0, 21.12%, 0, 0, 18, 407.68, 637899, 711, 0, 0
1786, 3, 175, 545, 242, 0, 21.12%, 0, 0, 18, 426.92, 640358, 711, 0, 0
1791, 3, 431, 545, 239, 0, 21.12%, 0, 0, 18, 443.38, 642748, 711, 0, 0
1796, 3, 241, 545, 236, 0, 21.12%, 0, 0, 18, 439.70, 644918, 711, 0, 0
1803, 3, 244, 545, 232, 0, 21.12%, 0, 0, 18, 444.04, 647397, 711, 0, 0
1808, 3, 224, 545, 229, 0, 21.12%, 0, 0, 18, 486.15, 649878, 711, 0, 0
1813, 3, 241, 545, 226, 0, 21.12%, 0, 0, 18, 488.95, 652369, 711, 0, 0
1818, 3, 271, 546, 224, 0, 21.12%, 0, 0, 18, 547.26, 654706, 711, 0, 0
1823, 3, 543, 546, 219, 0, 21.12%, 0, 0, 18, 492.24, 657143, 711, 0, 0
1828, 3, 498, 546, 217, 0, 21.12%, 0, 0, 18, 490.71, 659654, 711, 0, 0
1833, 3, 448, 547, 217, 0, 21.12%, 0, 0, 18, 462.95, 661866, 711, 0, 0
1838, 3, 540, 547, 215, 0, 21.12%, 0, 0, 18, 461.41, 664069, 711, 0, 0
1843, 3, 488, 547, 213, 0, 21.12%, 0, 0, 18, 459.20, 666397, 711, 0, 0
1849, 3, 433, 547, 212, 0, 21.12%, 0, 0, 18, 91.95, 668609, 711, 0, 0
1854, 3, 546, 548, 212, 0, 21.12%, 0, 0, 18, 413.46, 670700, 711, 0, 0
1859, 3, 238, 549, 211, 0, 21.12%, 0, 0, 18, 477.01, 673187, 711, 0, 0
1864, 3, 469, 550, 209, 0, 21.18%, 0, 0, 18, 453.50, 675523, 713, 0, 0
1871, 3, 437, 550, 207, 0, 21.18%, 0, 0, 18, 459.75, 678781, 713, 0, 0
1876, 3, 481, 550, 204, 0, 21.18%, 0, 0, 18, 489.44, 681298, 713, 0, 0
1881, 3, 482, 550, 203, 0, 21.18%, 0, 0, 18, 397.21, 683063, 713, 0, 0
1886, 3, 457, 550, 200, 0, 21.18%, 0, 0, 18, 472.60, 685625, 713, 0, 0
1891, 3, 509, 550, 199, 0, 21.18%, 0, 0, 18, 478.36, 688015, 713, 0, 0
1897, 3, 471, 550, 198, 0, 21.18%, 0, 0, 18, 493.03, 690593, 713, 0, 0
1902, 3, 298, 550, 197, 0, 21.18%, 0, 0, 18, 433.22, 692693, 713, 0, 0
1907, 3, 490, 550, 194, 0, 21.18%, 0, 0, 18, 485.28, 695274, 713, 0, 0
1912, 3, 383, 550, 191, 0, 21.18%, 0, 0, 18, 461.22, 697321, 713, 0, 0
1917, 3, 534, 550, 190, 0, 21.18%, 0, 0, 18, 295.53, 698712, 713, 0, 0
1923, 3, 534, 551, 191, 0, 21.18%, 0, 0, 18, 257.59, 700212, 713, 0, 0
1928, 3, 124, 551, 187, 0, 21.18%, 0, 0, 18, 444.25, 702636, 713, 0, 0
1933, 3, 547, 551, 185, 0, 21.18%, 0, 0, 18, 476.56, 705076, 713, 0, 0
1938, 3, 430, 551, 182, 0, 21.18%, 0, 0, 18, 486.11, 707407, 713, 0, 0
1944, 3, 214, 553, 180, 0, 21.18%, 0, 0, 18, 504.24, 709402, 713, 0, 0
1949, 3, 128, 553, 178, 0, 21.18%, 0, 0, 18, 497.90, 711987, 713, 0, 0
1954, 3, 550, 553, 175, 0, 21.18%, 0, 0, 18, 421.34, 714093, 713, 0, 0
1961, 3, 550, 553, 175, 0, 21.18%, 0, 0, 18, 294.76, 715948, 713, 0, 0
1966, 3, 542, 553, 171, 0, 21.18%, 0, 0, 18, 396.12, 717942, 713, 0, 0
1971, 3, 541, 553, 170, 0, 21.18%, 0, 0, 18, 421.56, 720189, 713, 0, 0
1978, 3, 449, 553, 169, 0, 21.18%, 0, 0, 18, 504.02, 723077, 713, 0, 0
1983, 3, 344, 553, 166, 0, 21.18%, 0, 0, 18, 474.00, 725425, 713, 0, 0
1988, 3, 192, 553, 165, 0, 21.18%, 0, 0, 18, 489.26, 727926, 713, 0, 0
1993, 3, 541, 553, 164, 0, 21.18%, 0, 0, 18, 437.12, 730161, 713, 0, 0
1998, 3, 541, 553, 164, 0, 21.18%, 0, 0, 18, 394.16, 732159, 713, 0, 0
2003, 4, 436, 553, 164, 0, 21.18%, 0, 0, 18, 403.73, 734259, 713, 0, 0
2008, 4, 432, 553, 163, 0, 21.18%, 0, 0, 18, 467.59, 736228, 713, 0, 0
2013, 4, 262, 553, 160, 0, 21.18%, 0, 0, 18, 518.17, 738884, 713, 0, 0
2018, 4, 398, 553, 159, 0, 21.18%, 0, 0, 18, 538.90, 741632, 713, 0, 0
2023, 4, 151, 553, 156, 0, 21.18%, 0, 0, 18, 523.35, 744250, 713, 0, 0
2028, 4, 466, 553, 156, 0, 21.18%, 0, 0, 18, 466.96, 746446, 713, 0, 0
2034, 4, 478, 553, 152, 0, 21.18%, 0, 0, 18, 514.50, 749175, 713, 0, 0
2039, 4, 529, 554, 152, 0, 21.18%, 0, 0, 18, 468.71, 751093, 713, 0, 0
2044, 4, 262, 555, 151, 0, 21.21%, 0, 0, 18, 514.79, 753709, 714, 0, 0
2049, 4, 428, 555, 150, 0, 21.21%, 0, 0, 18, 520.40, 756362, 714, 0, 0
2054, 4, 371, 555, 146, 0, 21.21%, 0, 0, 18, 525.72, 759002, 714, 0, 0
2059, 4, 507, 556, 145, 0, 21.21%, 0, 0, 18, 509.61, 761642, 714, 0, 0
2064, 4, 492, 556, 143, 0, 21.21%, 0, 0, 18, 525.75, 764355, 714, 0, 0
2069, 4, 534, 556, 141, 0, 21.21%, 0, 0, 18, 532.52, 766428, 714, 0, 0
2074, 4, 564, 567, 150, 8, 22.46%, 0, 0, 18, 488.57, 768781, 756, 0, 0
2079, 4, 564, 567, 150, 8, 22.46%, 0, 0, 18, 479.65, 771166, 756, 0, 0
2084, 4, 558, 567, 149, 8, 22.46%, 0, 0, 18, 466.11, 773571, 756, 0, 0
2089, 4, 566, 567, 145, 4, 22.46%, 0, 0, 18, 477.61, 775996, 756, 0, 0
2095, 4, 566, 578, 156, 4, 22.96%, 0, 0, 18, 482.61, 778469, 773, 0, 0
2100, 4, 566, 579, 157, 4, 22.99%, 0, 0, 18, 467.92, 780240, 774, 0, 0
2105, 4, 566, 580, 158, 4, 23.26%, 0, 0, 18, 460.36, 782506, 783, 0, 0
2110, 4, 566, 580, 158, 4, 23.26%, 0, 0, 18, 509.71, 785088, 783, 0, 0
2115, 4, 566, 581, 159, 4, 23.26%, 0, 0, 18, 548.37, 787875, 783, 0, 0
2120, 4, 570, 582, 158, 12, 23.26%, 0, 0, 18, 537.05, 790938, 783, 0, 0
2126, 4, 571, 582, 157, 11, 23.26%, 0, 0, 18, 494.00, 793499, 783, 0, 0
2131, 4, 562, 582, 154, 8, 23.26%, 0, 0, 18, 514.18, 795583, 783, 0, 0
2136, 4, 483, 583, 151, 4, 23.26%, 0, 0, 18, 503.42, 798085, 783, 0, 0
2141, 4, 569, 583, 149, 3, 23.26%, 0, 0, 18, 478.18, 800599, 783, 0, 0
2146, 4, 584, 585, 147, 1, 23.53%, 0, 0, 19, 491.36, 802955, 792, 0, 0
2151, 4, 264, 586, 144, 0, 23.53%, 0, 0, 20, 510.72, 805577, 792, 0, 0
2156, 4, 190, 586, 142, 0, 23.53%, 0, 0, 20, 497.59, 808053, 792, 0, 0
2162, 4, 560, 586, 140, 0, 23.53%, 0, 0, 20, 486.80, 810071, 792, 0, 0
2167, 4, 361, 586, 138, 0, 23.53%, 0, 0, 20, 445.90, 812134, 792, 0, 0
2172, 4, 288, 586, 136, 0, 23.53%, 0, 0, 20, 482.22, 814675, 792, 0, 0
2177, 4, 343, 586, 136, 0, 23.53%, 0, 0, 20, 458.83, 817051, 792, 0, 0
2182, 4, 579, 586, 133, 0, 23.53%, 0, 0, 20, 524.25, 819843, 792, 0, 0
2187, 4, 344, 586, 132, 0, 23.53%, 0, 0, 20, 504.46, 822491, 792, 0, 0
2193, 4, 555, 586, 131, 0, 23.53%, 0, 0, 20, 480.42, 824553, 792, 0, 0
2198, 4, 261, 586, 129, 0, 23.53%, 0, 0, 20, 464.50, 826959, 792, 0, 0
2203, 4, 573, 586, 128, 0, 23.53%, 0, 0, 20, 427.82, 828891, 792, 0, 0
2208, 4, 582, 598, 140, 0, 23.53%, 0, 0, 20, 473.99, 831371, 792, 0, 0
2213, 4, 582, 601, 143, 0, 23.53%, 0, 0, 20, 503.59, 833891, 792, 0, 0
2218, 4, 582, 602, 144, 0, 23.53%, 0, 0, 20, 529.08, 836568, 792, 0, 0
2223, 4, 582, 602, 144, 0, 23.53%, 0, 0, 20, 516.69, 838458, 792, 0, 0
2228, 4, 582, 603, 145, 0, 23.53%, 0, 0, 20, 477.77, 840802, 792, 0, 0
2233, 4, 354, 603, 143, 0, 23.53%, 0, 0, 20, 479.78, 843302, 792, 0, 0
2238, 4, 553, 604, 143, 0, 23.53%, 0, 0, 20, 488.10, 845766, 792, 0, 0
2243, 4, 560, 605, 142, 0, 23.53%, 0, 0, 20, 483.92, 848216, 792, 0, 0
2248, 4, 339, 606, 142, 0, 23.53%, 0, 0, 20, 515.70, 850797, 792, 0, 0
2254, 4, 226, 606, 141, 0, 23.53%, 0, 0, 20, 75.20, 852847, 792, 0, 0
2259, 4, 200, 606, 140, 0, 23.53%, 0, 0, 20, 452.60, 855197, 792, 0, 0
2264, 4, 574, 606, 137, 0, 23.53%, 0, 0, 20, 492.22, 857826, 792, 0, 0
2269, 4, 584, 612, 143, 0, 23.83%, 0, 0, 20, 441.74, 860068, 802, 0, 0
2274, 4, 584, 612, 143, 0, 23.83%, 0, 0, 20, 414.03, 861942, 802, 0, 0
2279, 4, 584, 613, 144, 0, 23.83%, 0, 0, 20, 396.47, 863975, 802, 0, 0
2284, 4, 584, 613, 144, 0, 23.83%, 0, 0, 20, 63.35, 865690, 802, 0, 0
2289, 4, 584, 614, 145, 0, 23.83%, 0, 0, 20, 478.98, 867921, 802, 0, 0
2294, 4, 584, 614, 145, 0, 23.83%, 0, 0, 20, 455.26, 870270, 802, 0, 0
2299, 4, 607, 618, 148, 2, 23.83%, 0, 0, 21, 489.94, 872858, 802, 0, 0
2305, 4, 607, 623, 153, 2, 23.83%, 0, 0, 21, 489.79, 875404, 802, 0, 0
2310, 4, 607, 625, 155, 2, 23.83%, 0, 0, 21, 497.37, 877920, 802, 0, 0
2315, 4, 607, 625, 155, 2, 23.83%, 0, 0, 21, 463.02, 880206, 802, 0, 0
2320, 4, 607, 625, 155, 2, 23.83%, 0, 0, 21, 444.87, 881938, 802, 0, 0
2325, 4, 607, 625, 155, 2, 23.83%, 0, 0, 21, 430.07, 884138, 802, 0, 0
2330, 4, 528, 625, 153, 1, 23.83%, 0, 0, 21, 454.88, 886570, 802, 0, 0
2336, 4, 621, 625, 152, 1, 23.83%, 0, 0, 21, 443.79, 889081, 802, 0, 0
2341, 4, 571, 626, 151, 0, 23.83%, 0, 0, 21, 479.31, 891632, 802, 0, 0
2346, 4, 621, 626, 150, 0, 23.83%, 0, 0, 21, 438.92, 893812, 802, 0, 0
2351, 4, 623, 627, 151, 0, 23.83%, 0, 0, 22, 436.69, 895554, 802, 0, 0
2356, 4, 620, 627, 149, 0, 23.83%, 0, 0, 22, 456.04, 897833, 802, 0, 0
2361, 4, 200, 627, 148, 0, 23.83%, 0, 0, 22, 458.25, 900204, 802, 0, 0
2366, 4, 497, 627, 148, 0, 23.83%, 0, 0, 22, 433.73, 902371, 802, 0, 0
2371, 4, 383, 627, 146, 0, 23.83%, 0, 0, 22, 413.30, 904394, 802, 0, 0
2376, 4, 531, 627, 143, 0, 23.83%, 0, 0, 22, 508.76, 907176, 802, 0, 0
2381, 4, 594, 628, 143, 0, 23.92%, 0, 0, 22, 536.43, 909348, 805, 0, 0
2386, 4, 339, 628, 141, 0, 23.92%, 0, 0, 22, 531.75, 912054, 805, 0, 0
2391, 4, 621, 629, 141, 0, 23.92%, 0, 0, 22, 525.15, 914784, 805, 0, 0
2397, 4, 188, 629, 139, 0, 23.92%, 0, 0, 22, 461.97, 917089, 805, 0, 0
2402, 4, 373, 629, 135, 0, 23.92%, 0, 0, 22, 485.12, 919539, 805, 0, 0
2407, 4, 609, 630, 135, 0, 23.92%, 0, 0, 22, 468.19, 921939, 805, 0, 0
2412, 4, 557, 630, 133, 0, 23.92%, 0, 0, 22, 402.80, 923642, 805, 0, 0
2417, 4, 610, 631, 133, 0, 23.92%, 0, 0, 22, 446.68, 926011, 805, 0, 0
2422, 4, 361, 632, 130, 0, 23.95%, 0, 0, 22, 486.56, 928480, 806, 0, 0
2427, 4, 519, 633, 130, 0, 23.95%, 0, 0, 22, 498.77, 931060, 806, 0, 0
2432, 4, 561, 633, 129, 0, 23.95%, 0, 0, 22, 478.72, 933461, 806, 0, 0
2437, 4, 583, 634, 129, 0, 23.95%, 0, 0, 22, 476.23, 935788, 806, 0, 0
2443, 4, 611, 634, 129, 0, 23.95%, 0, 0, 22, 411.73, 937504, 806, 0, 0
2448, 4, 358, 635, 128, 0, 23.95%, 0, 0, 22, 497.10, 940123, 806, 0, 0
2453, 4, 111, 637, 128, 0, 24.24%, 0, 0, 22, 521.65, 942883, 816, 0, 0
2458, 4, 574, 637, 127, 0, 24.24%, 0, 0, 22, 518.16, 945434, 816, 0, 0
2463, 4, 584, 637, 125, 0, 24.24%, 0, 0, 22, 517.97, 948104, 816, 0, 0
2468, 4, 375, 637, 124, 0, 24.24%, 0, 0, 22, 523.16, 950616, 816, 0, 0
2473, 4, 217, 637, 123, 0, 24.24%, 0, 0, 22, 475.42, 952613, 816, 0, 0
2478, 4, 467, 637, 121, 0, 24.24%, 0, 0, 22, 469.31, 955039, 816, 0, 0
2483, 4, 617, 637, 118, 0, 24.24%, 0, 0, 22, 525.06, 957658, 816, 0, 0
2488, 4, 557, 638, 117, 0, 24.24%, 0, 0, 22, 556.84, 960464, 816, 0, 0
2493, 4, 279, 638, 116, 0, 24.24%, 0, 0, 22, 542.80, 963172, 816, 0, 0
2498, 4, 101, 638, 115, 0, 24.24%, 0, 0, 22, 494.59, 965546, 816, 0, 0
2503, 4, 512, 638, 113, 0, 24.24%, 0, 0, 22, 486.66, 967540, 816, 0, 0
2509, 4, 567, 638, 112, 0, 24.24%, 0, 0, 22, 460.73, 969817, 816, 0, 0
2514, 4, 561, 638, 111, 0, 24.24%, 0, 0, 22, 447.51, 972049, 816, 0, 0
2519, 4, 421, 638, 110, 0, 24.24%, 0, 0, 22, 519.80, 974682, 816, 0, 0
2524, 4, 527, 638, 109, 0, 24.24%, 0, 0, 22, 472.64, 977166, 816, 0, 0
2529, 4, 548, 638, 108, 0, 24.24%, 0, 0, 22, 471.21, 979542, 816, 0, 0
2534, 4, 86, 638, 107, 0, 24.24%, 0, 0, 22, 530.00, 981625, 816, 0, 0
2539, 4, 262, 638, 105, 0, 24.24%, 0, 0, 22, 520.21, 984221, 816, 0, 0
2544, 4, 556, 638, 105, 0, 24.24%, 0, 0, 22, 495.59, 986792, 816, 0, 0
2549, 4, 456, 638, 104, 0, 24.24%, 0, 0, 22, 450.51, 989003, 816, 0, 0
2554, 4, 72, 638, 104, 0, 24.24%, 0, 0, 22, 455.88, 991239, 816, 0, 0
2559, 4, 356, 638, 103, 0, 24.24%, 0, 0, 22, 494.09, 993825, 816, 0, 0
2565, 4, 257, 638, 102, 0, 24.24%, 0, 0, 22, 8.74, 995924, 816, 0, 0
2570, 4, 279, 639, 102, 0, 24.24%, 0, 0, 22, 497.74, 998447, 816, 0, 0
2575, 4, 149, 639, 99, 0, 24.24%, 0, 0, 22, 446.76, 1000655, 816, 0, 0
2580, 4, 263, 639, 99, 0, 24.24%, 0, 0, 22, 462.71, 1003057, 816, 0, 0
2585, 4, 633, 639, 97, 0, 24.24%, 0, 0, 22, 452.46, 1005371, 816, 0, 0
2591, 4, 567, 639, 95, 0, 24.24%, 0, 0, 22, 457.29, 1008076, 816, 0, 0
2596, 4, 380, 639, 95, 0, 24.24%, 0, 0, 22, 356.44, 1009933, 816, 0, 0
2601, 4, 152, 639, 94, 0, 24.24%, 0, 0, 22, 471.54, 1012526, 816, 0, 0
2608, 4, 600, 639, 94, 0, 24.24%, 0, 0, 22, 465.03, 1015803, 816, 0, 0
2613, 4, 246, 641, 94, 0, 24.24%, 0, 0, 22, 496.31, 1018330, 816, 0, 0
2618, 4, 634, 641, 93, 0, 24.24%, 0, 0, 22, 499.12, 1020875, 816, 0, 0
2623, 4, 597, 641, 92, 0, 24.24%, 0, 0, 22, 474.18, 1023265, 816, 0, 0
2628, 4, 337, 641, 91, 0, 24.24%, 0, 0, 22, 477.01, 1025174, 816, 0, 0
2633, 4, 543, 642, 91, 0, 24.24%, 0, 0, 22, 479.76, 1027685, 816, 0, 0
2638, 4, 333, 642, 91, 0, 24.24%, 0, 0, 22, 443.73, 1029959, 816, 0, 0
2644, 4, 258, 642, 88, 0, 24.24%, 0, 0, 22, 465.64, 1032472, 816, 0, 0
2649, 4, 541, 642, 88, 0, 24.24%, 0, 0, 22, 455.59, 1034891, 816, 0, 0
2655, 4, 640, 643, 89, 0, 24.24%, 0, 0, 22, 460.62, 1037761, 816, 0, 0
2660, 4, 556, 645, 90, 0, 24.24%, 0, 0, 22, 491.62, 1039693, 816, 0, 0
2665, 4, 252, 645, 89, 0, 24.24%, 0, 0, 22, 435.20, 1041836, 816, 0, 0
2670, 4, 438, 646, 89, 0, 24.30%, 0, 0, 22, 484.66, 1044386, 818, 0, 0
2676, 4, 599, 646, 89, 0, 24.30%, 0, 0, 22, 492.59, 1047037, 818, 0, 0
2681, 4, 597, 648, 89, 0, 24.30%, 0, 0, 22, 501.32, 1049557, 818, 0, 0
2686, 4, 407, 648, 88, 0, 24.30%, 0, 0, 22, 495.83, 1052104, 818, 0, 0
2691, 4, 571, 648, 87, 0, 24.30%, 0, 0, 22, 502.00, 1054039, 818, 0, 0
2696, 4, 622, 648, 86, 0, 24.30%, 0, 0, 22, 490.71, 1056538, 818, 0, 0
2701, 4, 213, 648, 85, 0, 24.30%, 0, 0, 22, 486.01, 1059129, 818, 0, 0
2706, 5, 344, 648, 84, 0, 24.30%, 0, 0, 22, 500.70, 1061572, 818, 0, 0
2711, 5, 517, 648, 83, 0, 24.30%, 0, 0, 22, 489.03, 1064097, 818, 0, 0
2716, 5, 256, 648, 81, 0, 24.30%, 0, 0, 22, 503.85, 1066695, 818, 0, 0
2722, 5, 347, 648, 81, 0, 24.30%, 0, 0, 22, 491.15, 1068730, 818, 0, 0
2727, 5, 635, 648, 79, 0, 24.30%, 0, 0, 22, 474.59, 1071141, 818, 0, 0
2732, 5, 339, 649, 79, 0, 24.33%, 0, 0, 22, 531.08, 1073910, 819, 0, 0
2737, 5, 563, 649, 78, 0, 24.33%, 0, 0, 22, 539.83, 1076661, 819, 0, 0
2742, 5, 612, 649, 77, 0, 24.33%, 0, 0, 22, 522.39, 1079172, 819, 0, 0
2747, 5, 635, 650, 76, 0, 24.33%, 0, 0, 22, 547.31, 1082007, 819, 0, 0
2752, 5, 649, 651, 77, 0, 24.33%, 0, 0, 22, 573.30, 1084253, 819, 0, 0
2757, 5, 395, 651, 76, 0, 24.33%, 0, 0, 22, 543.11, 1086945, 819, 0, 0
2762, 5, 537, 651, 74, 0, 24.33%, 0, 0, 22, 462.78, 1089345, 819, 0, 0
2768, 5, 262, 651, 73, 0, 24.33%, 0, 0, 22, 487.79, 1091639, 819, 0, 0
2773, 5, 648, 651, 73, 0, 24.33%, 0, 0, 22, 525.30, 1094330, 819, 0, 0
2778, 5, 533, 651, 72, 0, 24.33%, 0, 0, 22, 551.34, 1097226, 819, 0, 0
2783, 5, 528, 651, 72, 0, 24.33%, 0, 0, 22, 475.00, 1099426, 819, 0, 0
2788, 5, 155, 651, 71, 0, 24.33%, 0, 0, 22, 516.94, 1102267, 819, 0, 0
2793, 5, 127, 651, 70, 0, 24.33%, 0, 0, 22, 526.27, 1105036, 819, 0, 0
2798, 5, 557, 651, 70, 0, 24.33%, 0, 0, 22, 550.01, 1107969, 819, 0, 0
2804, 5, 534, 651, 70, 0, 24.33%, 0, 0, 22, 487.93, 1110571, 819, 0, 0
2809, 5, 163, 651, 70, 0, 24.33%, 0, 0, 22, 521.14, 1113199, 819, 0, 0
2814, 5, 576, 651, 69, 0, 24.33%, 0, 0, 22, 17.15, 1115295, 819, 0, 0
2819, 5, 641, 651, 68, 0, 24.33%, 0, 0, 22, 534.46, 1117994, 819, 0, 0
2824, 5, 635, 651, 66, 0, 24.33%, 0, 0, 22, 543.76, 1120803, 819, 0, 0
2829, 5, 30, 651, 66, 0, 24.33%, 0, 0, 22, 531.00, 1123471, 819, 0, 0
2834, 5, 268, 651, 66, 0, 24.33%, 0, 0, 22, 528.68, 1126152, 819, 0, 0
2839, 5, 557, 651, 65, 0, 24.33%, 0, 0, 22, 492.18, 1128593, 819, 0, 0
2844, 5, 499, 651, 65, 0, 24.33%, 0, 0, 22, 446.05, 1130717, 819, 0, 0
2849, 5, 541, 651, 64, 0, 24.33%, 0, 0, 22, 416.33, 1132578, 819, 0, 0
2855, 5, 339, 651, 63, 0, 24.33%, 0, 0, 22, 410.19, 1134649, 819, 0, 0
2860, 5, 528, 651, 62, 0, 24.33%, 0, 0, 22, 440.72, 1136933, 819, 0, 0
2865, 5, 585, 653, 62, 0, 24.39%, 0, 0, 22, 466.55, 1139433, 821, 0, 0
2870, 5, 65, 653, 62, 0, 24.39%, 0, 0, 22, 489.97, 1142013, 821, 0, 0
2875, 5, 24, 653, 61, 0, 24.39%, 0, 0, 22, 62.40, 1144251, 821, 0, 0
2881, 5, 651, 653, 61, 0, 24.39%, 0, 0, 22, 416.50, 1146517, 821, 0, 0
2886, 5, 500, 653, 60, 0, 24.39%, 0, 0, 22, 472.50, 1149023, 821, 0, 0
2892, 5, 356, 653, 59, 0, 24.39%, 0, 0, 22, 462.57, 1151299, 821, 0, 0
2897, 5, 621, 654, 60, 0, 24.39%, 0, 0, 22, 461.62, 1153740, 821, 0, 0
2902, 5, 354, 654, 58, 0, 24.39%, 0, 0, 22, 494.56, 1156250, 821, 0, 0
2907, 5, 76, 654, 58, 0, 24.39%, 0, 0, 22, 7.07, 1158213, 821, 0, 0
2912, 5, 339, 654, 58, 0, 24.39%, 0, 0, 22, 463.46, 1160581, 821, 0, 0
2917, 5, 551, 654, 58, 0, 24.39%, 0, 0, 22, 476.68, 1163058, 821, 0, 0
2923, 5, 58, 654, 58, 0, 24.39%, 0, 0, 22, 492.18, 1165639, 821, 0, 0
2928, 5, 653, 654, 58, 0, 24.39%, 0, 0, 22, 494.48, 1168274, 821, 0, 0
2933, 5, 222, 654, 58, 0, 24.39%, 0, 0, 22, 481.27, 1170760, 821, 0, 0
2938, 5, 627, 654, 58, 0, 24.39%, 0, 0, 22, 487.56, 1172782, 821, 0, 0
2943, 5, 645, 654, 58, 0, 24.39%, 0, 0, 22, 481.43, 1175188, 821, 0, 0
2948, 5, 379, 654, 58, 0, 24.39%, 0, 0, 22, 395.48, 1177218, 821, 0, 0
2954, 5, 355, 654, 57, 0, 24.39%, 0, 0, 22, 419.25, 1179352, 821, 0, 0
2959, 5, 573, 657, 57, 0, 24.45%, 0, 0, 22, 485.07, 1181913, 823, 0, 0
2964, 5, 655, 658, 58, 0, 24.57%, 0, 0, 22, 500.51, 1184552, 827, 0, 0
2969, 5, 528, 658, 57, 0, 24.57%, 0, 0, 22, 16.83, 1186742, 827, 0, 0
2974, 5, 655, 658, 57, 0, 24.57%, 0, 0, 22, 524.87, 1189499, 827, 0, 0
2979, 5, 345, 658, 57, 0, 24.57%, 0, 0, 22, 485.83, 1191978, 827, 0, 0
2985, 5, 528, 658, 56, 0, 24.57%, 0, 0, 22, 488.26, 1194467, 827, 0, 0
2990, 5, 211, 658, 55, 0, 24.57%, 0, 0, 22, 479.89, 1196910, 827, 0, 0
2995, 5, 639, 658, 55, 0, 24.57%, 0, 0, 22, 472.18, 1199621, 827, 0, 0
3000, 5, 654, 658, 54, 0, 24.57%, 0, 0, 22, 37.56, 1201617, 827, 0, 0
3006, 5, 561, 658, 54, 0, 24.57%, 0, 0, 22, 485.11, 1204146, 827, 0, 0
3011, 5, 246, 658, 53, 0, 24.57%, 0, 0, 22, 491.70, 1206679, 827, 0, 0
3016, 5, 574, 658, 53, 0, 24.57%, 0, 0, 22, 493.23, 1209131, 827, 0, 0
3021, 5, 545, 659, 53, 0, 24.60%, 0, 0, 22, 488.62, 1211546, 828, 0, 0
3027, 5, 577, 659, 53, 0, 24.60%, 0, 0, 22, 499.36, 1214620, 828, 0, 0
3032, 5, 442, 659, 53, 0, 24.60%, 0, 0, 22, 500.78, 1216610, 828, 0, 0
3037, 5, 126, 659, 51, 0, 24.60%, 0, 0, 22, 501.61, 1219079, 828, 0, 0
3042, 5, 568, 659, 51, 0, 24.60%, 0, 0, 22, 495.38, 1221595, 828, 0, 0
3047, 5, 580, 659, 51, 0, 24.60%, 0, 0, 22, 495.36, 1224123, 828, 0, 0
3052, 5, 613, 659, 50, 0, 24.60%, 0, 0, 22, 494.51, 1226669, 828, 0, 0
3057, 5, 452, 659, 49, 0, 24.60%, 0, 0, 22, 503.32, 1229213, 828, 0, 0
3063, 5, 551, 659, 48, 0, 24.60%, 0, 0, 22, 20.51, 1231237, 828, 0, 0
3068, 5, 562, 659, 48, 0, 24.60%, 0, 0, 22, 494.34, 1233793, 828, 0, 0
3073, 5, 576, 659, 48, 0, 24.60%, 0, 0, 22, 500.13, 1236315, 828, 0, 0
3078, 5, 565, 659, 48, 0, 24.60%, 0, 0, 22, 500.76, 1238874, 828, 0, 0
3083, 5, 645, 659, 48, 0, 24.60%, 0, 0, 22, 501.71, 1241414, 828, 0, 0
3088, 5, 656, 659, 48, 0, 24.60%, 0, 0, 22, 506.06, 1243966, 828, 0, 0
3093, 5, 656, 662, 51, 0, 24.63%, 0, 0, 22, 63.39, 1246367, 829, 0, 0
3098, 5, 315, 662, 49, 0, 24.63%, 0, 0, 22, 473.81, 1248540, 829, 0, 0
3103, 5, 354, 662, 48, 0, 24.63%, 0, 0, 22, 503.01, 1251238, 829, 0, 0
3109, 5, 568, 662, 48, 0, 24.63%, 0, 0, 22, 492.53, 1253787, 829, 0, 0
3114, 5, 641, 662, 48, 0, 24.63%, 0, 0, 22, 480.62, 1256174, 829, 0, 0
3119, 5, 597, 662, 46, 0, 24.63%, 0, 0, 22, 504.65, 1258789, 829, 0, 0
3124, 5, 498, 662, 46, 0, 24.63%, 0, 0, 22, 438.04, 1261023, 829, 0, 0
3129, 5, 36, 662, 45, 0, 24.63%, 0, 0, 22, 504.30, 1263327, 829, 0, 0
3134, 5, 654, 662, 45, 0, 24.63%, 0, 0, 22, 477.93, 1265581, 829, 0, 0
3140, 5, 158, 662, 45, 0, 24.63%, 0, 0, 22, 500.72, 1268149, 829, 0, 0
3145, 5, 246, 662, 45, 0, 24.63%, 0, 0, 22, 502.95, 1270759, 829, 0, 0
3150, 5, 655, 662, 44, 0, 24.63%, 0, 0, 22, 501.87, 1273322, 829, 0, 0
3155, 5, 83, 662, 44, 0, 24.63%, 0, 0, 22, 477.76, 1275826, 829, 0, 0
3161, 5, 407, 662, 43, 0, 24.63%, 0, 0, 22, 526.56, 1278251, 829, 0, 0
3166, 5, 648, 662, 43, 0, 24.63%, 0, 0, 22, 489.52, 1280708, 829, 0, 0
3171, 5, 643, 662, 43, 0, 24.63%, 0, 0, 22, 496.41, 1283499, 829, 0, 0
3176, 5, 598, 662, 42, 0, 24.63%, 0, 0, 22, 458.86, 1285812, 829, 0, 0
3181, 5, 450, 662, 42, 0, 24.63%, 0, 0, 22, 472.54, 1288241, 829, 0, 0
3186, 5, 551, 662, 41, 0, 24.63%, 0, 0, 22, 479.50, 1290562, 829, 0, 0
3191, 5, 588, 662, 40, 0, 24.63%, 0, 0, 22, 496.59, 1292855, 829, 0, 0
3197, 5, 202, 662, 40, 0, 24.63%, 0, 0, 22, 507.64, 1295389, 829, 0, 0
3202, 5, 268, 662, 39, 0, 24.63%, 0, 0, 22, 500.69, 1297894, 829, 0, 0
3207, 5, 662, 664, 41, 1, 24.66%, 0, 0, 22, 485.17, 1300460, 830, 0, 0
3212, 5, 359, 664, 39, 0, 24.66%, 0, 0, 22, 487.68, 1302918, 830, 0, 0
3217, 5, 573, 664, 38, 0, 24.66%, 0, 0, 22, 512.11, 1305440, 830, 0, 0
3222, 5, 551, 664, 38, 0, 24.66%, 0, 0, 22, 494.40, 1307474, 830, 0, 0
3227, 5, 407, 664, 38, 0, 24.66%, 0, 0, 22, 491.17, 1309903, 830, 0, 0
3232, 5, 380, 664, 38, 0, 24.66%, 0, 0, 22, 499.87, 1312480, 830, 0, 0
3237, 5, 541, 664, 38, 0, 24.66%, 0, 0, 22, 490.57, 1314961, 830, 0, 0
3242, 6, 598, 664, 38, 0, 24.66%, 0, 0, 22, 470.49, 1317311, 830, 0, 0
3247, 6, 439, 664, 37, 0, 24.66%, 0, 0, 22, 494.78, 1319901, 830, 0, 0
3252, 6, 558, 665, 38, 0, 24.66%, 0, 0, 23, 488.30, 1321798, 830, 0, 0
3257, 6, 648, 666, 39, 0, 24.66%, 0, 0, 23, 459.96, 1323824, 830, 0, 0
3262, 6, 557, 666, 39, 0, 24.66%, 0, 0, 23, 489.75, 1326324, 830, 0, 0
3268, 6, 271, 666, 39, 0, 24.66%, 0, 0, 23, 489.92, 1328876, 830, 0, 0
3273, 6, 659, 666, 39, 0, 24.66%, 0, 0, 23, 502.04, 1331514, 830, 0, 0
3278, 6, 126, 666, 39, 0, 24.66%, 0, 0, 23, 491.91, 1333939, 830, 0, 0
3283, 6, 574, 666, 39, 0, 24.66%, 0, 0, 23, 506.29, 1335959, 830, 0, 0
3288, 6, 153, 667, 40, 0, 24.66%, 0, 0, 23, 491.85, 1338429, 830, 0, 0
3294, 6, 667, 668, 41, 1, 24.69%, 0, 0, 23, 489.01, 1341229, 831, 0, 0
3299, 6, 175, 668, 40, 0, 24.69%, 0, 0, 23, 484.98, 1343608, 831, 0, 0
3304, 6, 222, 668, 40, 0, 24.69%, 0, 0, 23, 478.23, 1346055, 831, 0, 0
3309, 6, 597, 668, 40, 0, 24.69%, 0, 0, 23, 491.11, 1348670, 831, 0, 0
3314, 6, 508, 668, 40, 0, 24.69%, 0, 0, 23, 509.12, 1350697, 831, 0, 0
3319, 6, 567, 668, 40, 0, 24.69%, 0, 0, 23, 473.37, 1353072, 831, 0, 0
3324, 6, 626, 668, 39, 0, 24.69%, 0, 0, 23, 495.75, 1355628, 831, 0, 0
3329, 6, 562, 668, 39, 0, 24.69%, 0, 0, 23, 501.97, 1358149, 831, 0, 0
3334, 6, 407, 668, 39, 0, 24.69%, 0, 0, 23, 496.53, 1360680, 831, 0, 0
3339, 6, 568, 668, 39, 0, 24.69%, 0, 0, 23, 503.67, 1363184, 831, 0, 0
3344, 6, 541, 668, 39, 0, 24.69%, 0, 0, 23, 481.43, 1364900, 831, 0, 0
3349, 6, 556, 668, 39, 0, 24.69%, 0, 0, 23, 465.72, 1367150, 831, 0, 0
3354, 6, 597, 668, 38, 0, 24.69%, 0, 0, 23, 481.59, 1369605, 831, 0, 0
3360, 6, 280, 668, 38, 0, 24.69%, 0, 0, 23, 498.59, 1372189, 831, 0, 0
3365, 6, 627, 668, 38, 0, 24.69%, 0, 0, 23, 496.03, 1374682, 831, 0, 0
3371, 6, 666, 668, 38, 0, 24.69%, 0, 0, 23, 501.47, 1377819, 831, 0, 0
3376, 6, 463, 668, 37, 0, 24.69%, 0, 0, 23, 478.91, 1379695, 831, 0, 0
3381, 6, 653, 668, 36, 0, 24.69%, 0, 0, 23, 492.90, 1382171, 831, 0, 0
3386, 6, 558, 668, 35, 0, 24.69%, 0, 0, 23, 477.47, 1384582, 831, 0, 0
3391, 6, 407, 668, 35, 0, 24.69%, 0, 0, 23, 476.34, 1386891, 831, 0, 0
3396, 6, 86, 669, 36, 0, 24.69%, 0, 0, 23, 496.93, 1389494, 831, 0, 0
3401, 6, 127, 669, 36, 0, 24.69%, 0, 0, 23, 498.23, 1392025, 831, 0, 0
3406, 6, 654, 669, 36, 0, 24.69%, 0, 0, 23, 500.13, 1393928, 831, 0, 0
3412, 6, 445, 669, 36, 0, 24.69%, 0, 0, 23, 499.32, 1396937, 831, 0, 0
3418, 6, 665, 669, 36, 0, 24.69%, 0, 0, 23, 365.46, 1398797, 831, 0, 0
3423, 6, 668, 669, 35, 0, 24.69%, 0, 0, 23, 372.44, 1400430, 831, 0, 0
3428, 6, 651, 669, 34, 0, 24.69%, 0, 0, 23, 467.92, 1402878, 831, 0, 0
3433, 6, 664, 669, 34, 0, 24.69%, 0, 0, 23, 486.07, 1405452, 831, 0, 0
3438, 6, 568, 669, 33, 0, 24.69%, 0, 0, 23, 487.79, 1407523, 831, 0, 0
3443, 6, 655, 669, 33, 0, 24.69%, 0, 0, 23, 493.05, 1410005, 831, 0, 0
3449, 6, 661, 669, 33, 0, 24.69%, 0, 0, 23, 491.26, 1412743, 831, 0, 0
3454, 6, 151, 669, 32, 0, 24.69%, 0, 0, 23, 506.38, 1415383, 831, 0, 0
3459, 6, 246, 669, 32, 0, 24.69%, 0, 0, 23, 514.67, 1417943, 831, 0, 0
3464, 6, 573, 669, 32, 0, 24.69%, 0, 0, 23, 518.14, 1420615, 831, 0, 0
3469, 6, 577, 669, 32, 0, 24.69%, 0, 0, 23, 503.51, 1422560, 831, 0, 0
3474, 6, 214, 669, 32, 0, 24.69%, 0, 0, 23, 510.37, 1425233, 831, 0, 0
3479, 6, 398, 669, 32, 0, 24.69%, 0, 0, 23, 499.67, 1427758, 831, 0, 0
3484, 6, 663, 669, 32, 0, 24.69%, 0, 0, 23, 460.81, 1429985, 831, 0, 0
3489, 6, 561, 669, 31, 0, 24.69%, 0, 0, 23, 479.34, 1432481, 831, 0, 0
3494, 6, 359, 669, 31, 0, 24.69%, 0, 0, 23, 456.83, 1434601, 831, 0, 0
3500, 6, 429, 669, 30, 0, 24.69%, 0, 0, 23, 507.80, 1436662, 831, 0, 0
3505, 6, 560, 669, 29, 0, 24.69%, 0, 0, 23, 496.61, 1439155, 831, 0, 0
3510, 6, 359, 669, 29, 0, 24.69%, 0, 0, 23, 493.59, 1441595, 831, 0, 0
3515, 6, 149, 669, 29, 0, 24.69%, 0, 0, 23, 498.16, 1444193, 831, 0, 0
3520, 6, 479, 669, 29, 0, 24.69%, 0, 0, 23, 491.10, 1446718, 831, 0, 0
3525, 6, 127, 669, 28, 0, 24.69%, 0, 0, 23, 480.58, 1449099, 831, 0, 0
3530, 6, 627, 669, 28, 0, 24.69%, 0, 0, 23, 530.84, 1450967, 831, 0, 0
3535, 6, 213, 669, 28, 0, 24.69%, 0, 0, 23, 477.30, 1453366, 831, 0, 0
3540, 6, 659, 669, 28, 0, 24.69%, 0, 0, 23, 484.17, 1455795, 831, 0, 0
3546, 6, 541, 669, 28, 0, 24.69%, 0, 0, 23, 475.28, 1458362, 831, 0, 0
3552, 6, 485, 669, 28, 0, 24.69%, 0, 0, 23, 467.75, 1461418, 831, 0, 0
3557, 6, 573, 669, 26, 0, 24.69%, 0, 0, 23, 494.97, 1464011, 831, 0, 0
3562, 6, 556, 669, 26, 0, 24.69%, 0, 0, 23, 512.58, 1466013, 831, 0, 0
3567, 6, 455, 669, 26, 0, 24.69%, 0, 0, 23, 484.75, 1468429, 831, 0, 0
3572, 6, 465, 669, 25, 0, 24.69%, 0, 0, 23, 416.49, 1470547, 831, 0, 0
3577, 6, 541, 669, 24, 0, 24.69%, 0, 0, 23, 435.06, 1472750, 831, 0, 0
3583, 6, 194, 669, 23, 0, 24.69%, 0, 0, 23, 474.95, 1475310, 831, 0, 0
3588, 6, 565, 669, 23, 0, 24.69%, 0, 0, 23, 516.13, 1478015, 831, 0, 0
3593, 6, 246, 669, 23, 0, 24.69%, 0, 0, 23, 506.18, 1479980, 831, 0, 0
3598, 6, 541, 669, 23, 0, 24.69%, 0, 0, 23, 473.46, 1482397, 831, 0, 0
3603, 6, 72, 669, 23, 0, 24.69%, 0, 0, 23, 467.24, 1484774, 831, 0, 0
3609, 6, 219, 669, 23, 0, 24.69%, 0, 0, 23, 505.03, 1487823, 831, 0, 0
3614, 6, 569, 669, 23, 0, 24.69%, 0, 0, 23, 498.13, 1490404, 831, 0, 0
3619, 6, 288, 669, 23, 0, 24.69%, 0, 0, 23, 499.61, 1492940, 831, 0, 0
3625, 6, 667, 669, 23, 0, 24.69%, 0, 0, 23, 423.77, 1494782, 831, 0, 0
3630, 6, 657, 669, 23, 0, 24.69%, 0, 0, 23, 494.08, 1497431, 831, 0, 0
3635, 6, 573, 669, 23, 0, 24.69%, 0, 0, 23, 490.81, 1499939, 831, 0, 0
3640, 6, 562, 669, 23, 0, 24.69%, 0, 0, 23, 503.42, 1502482, 831, 0, 0
3645, 6, 655, 669, 23, 0, 24.69%, 0, 0, 23, 494.26, 1504945, 831, 0, 0
3650, 6, 558, 669, 23, 0, 24.69%, 0, 0, 23, 503.59, 1507487, 831, 0, 0
3655, 6, 567, 669, 23, 0, 24.69%, 0, 0, 23, 483.37, 1509492, 831, 0, 0
3660, 6, 669, 670, 24, 1, 24.72%, 0, 0, 23, 468.94, 1511898, 832, 0, 0
3665, 6, 557, 671, 24, 0, 24.72%, 0, 0, 23, 473.63, 1514324, 832, 0, 0
3670, 6, 541, 671, 24, 0, 24.72%, 0, 0, 23, 486.38, 1516910, 832, 0, 0
3675, 6, 264, 671, 24, 0, 24.72%, 0, 0, 23, 492.02, 1519273, 832, 0, 0
3681, 6, 567, 671, 24, 0, 24.72%, 0, 0, 23, 500.10, 1521854, 832, 0, 0
3686, 6, 262, 672, 25, 0, 24.72%, 0, 0, 23, 508.40, 1523861, 832, 0, 0
3691, 6, 557, 672, 25, 0, 24.72%, 0, 0, 23, 510.78, 1526459, 832, 0, 0
3696, 6, 542, 672, 25, 0, 24.72%, 0, 0, 23, 499.77, 1528956, 832, 0, 0
3701, 6, 265, 672, 25, 0, 24.72%, 0, 0, 23, 506.59, 1531578, 832, 0, 0
3706, 6, 541, 672, 25, 0, 24.72%, 0, 0, 23, 477.64, 1534073, 832, 0, 0
3711, 6, 531, 672, 24, 0, 24.72%, 0, 0, 23, 488.47, 1536526, 832, 0, 0
3716, 6, 648, 672, 24, 0, 24.72%, 0, 0, 23, 501.43, 1538555, 832, 0, 0
3721, 6, 658, 672, 24, 0, 24.72%, 0, 0, 23, 471.19, 1540817, 832, 0, 0
3727, 6, 627, 672, 24, 0, 24.72%, 0, 0, 23, 501.04, 1543419, 832, 0, 0
3732, 6, 359, 672, 24, 0, 24.72%, 0, 0, 23, 499.08, 1545937, 832, 0, 0
3738, 6, 444, 672, 24, 0, 24.72%, 0, 0, 23, 466.43, 1549032, 832, 0, 0
3743, 6, 541, 672, 23, 0, 24.72%, 0, 0, 23, 419.58, 1551169, 832, 0, 0
3748, 6, 645, 672, 23, 0, 24.72%, 0, 0, 23, 530.14, 1553122, 832, 0, 0
3753, 6, 149, 672, 22, 0, 24.72%, 0, 0, 23, 509.74, 1555649, 832, 0, 0
3759, 6, 99, 672, 22, 0, 24.72%, 0, 0, 23, 501.49, 1558244, 832, 0, 0
3764, 6, 574, 672, 22, 0, 24.72%, 0, 0, 23, 478.04, 1560559, 832, 0, 0
3769, 7, 256, 672, 22, 0, 24.72%, 0, 0, 23, 477.79, 1563015, 832, 0, 0
3770, 7, 531, 672, 22, 0, 24.72%, 0, 0, 23, 486.22, 1563742, 832, 0, 0
