# relative_time, cycles_done, cur_item, corpus_count, pending_total, pending_favs, map_size, saved_crashes, saved_hangs, max_depth, execs_per_sec, total_execs, edges_found, total_crashes, servers_count
61, 0, 40, 49, 33, 18, 6.84%, 0, 0, 3, 249.68, 15298, 198, 0, 0
66, 0, 40, 56, 40, 18, 7.25%, 0, 0, 3, 251.27, 16561, 210, 0, 0
71, 0, 40, 59, 43, 18, 8.36%, 0, 0, 3, 267.26, 17887, 242, 0, 0
76, 0, 40, 59, 43, 18, 8.36%, 0, 0, 3, 248.00, 19187, 242, 0, 0
82, 0, 40, 60, 44, 18, 8.36%, 0, 0, 3, 230.67, 20364, 242, 0, 0
87, 0, 40, 60, 44, 18, 8.36%, 0, 0, 3, 266.83, 21785, 242, 0, 0
92, 0, 40, 60, 44, 18, 8.36%, 0, 0, 3, 265.51, 23076, 242, 0, 0
97, 0, 40, 60, 44, 18, 8.36%, 0, 0, 3, 256.72, 24391, 242, 0, 0
102, 0, 40, 60, 44, 18, 8.36%, 0, 0, 3, 272.39, 25761, 242, 0, 0
107, 0, 37, 60, 40, 25, 8.36%, 0, 0, 3, 243.16, 26950, 242, 0, 0
112, 0, 57, 64, 34, 15, 8.56%, 0, 0, 4, 235.69, 28133, 248, 0, 0
117, 0, 57, 72, 42, 15, 8.98%, 0, 0, 4, 239.26, 29368, 260, 0, 0
122, 0, 57, 75, 45, 15, 9.12%, 0, 0, 4, 244.65, 30653, 264, 0, 0
128, 0, 57, 75, 45, 15, 9.12%, 0, 0, 4, 253.67, 31968, 264, 0, 0
133, 0, 57, 77, 47, 15, 9.19%, 0, 0, 4, 267.63, 33362, 266, 0, 0
138, 0, 57, 78, 48, 15, 9.22%, 0, 0, 4, 255.93, 34624, 267, 0, 0
143, 0, 57, 79, 49, 15, 9.36%, 0, 0, 4, 253.90, 35961, 271, 0, 0
148, 0, 57, 79, 49, 15, 9.36%, 0, 0, 4, 241.96, 37213, 271, 0, 0
153, 0, 57, 79, 49, 15, 9.36%, 0, 0, 4, 250.14, 38505, 271, 0, 0
158, 0, 57, 79, 49, 15, 9.36%, 0, 0, 4, 267.49, 39866, 271, 0, 0
163, 0, 57, 79, 49, 15, 9.36%, 0, 0, 4, 275.92, 41316, 271, 0, 0
168, 0, 57, 79, 49, 15, 9.36%, 0, 0, 4, 259.59, 42616, 271, 0, 0
173, 0, 57, 79, 49, 15, 9.36%, 0, 0, 4, 275.77, 43956, 271, 0, 0
178, 0, 57, 79, 49, 15, 9.36%, 0, 0, 4, 257.24, 45351, 271, 0, 0
184, 0, 57, 80, 50, 15, 9.39%, 0, 0, 4, 322.37, 47078, 272, 0, 0
189, 0, 57, 80, 50, 15, 9.39%, 0, 0, 4, 278.72, 48503, 272, 0, 0
194, 0, 57, 80, 50, 15, 9.39%, 0, 0, 4, 272.73, 49838, 272, 0, 0
199, 0, 57, 80, 50, 15, 9.39%, 0, 0, 4, 254.21, 51103, 272, 0, 0
204, 0, 57, 80, 50, 15, 9.39%, 0, 0, 4, 253.14, 52473, 272, 0, 0
209, 0, 57, 80, 50, 15, 9.39%, 0, 0, 4, 237.92, 53648, 272, 0, 0
214, 0, 57, 80, 50, 15, 9.39%, 0, 0, 4, 253.13, 54908, 272, 0, 0
219, 0, 57, 81, 51, 15, 9.43%, 0, 0, 4, 293.02, 56435, 273, 0, 0
224, 0, 57, 81, 51, 15, 9.43%, 0, 0, 4, 285.58, 57915, 273, 0, 0
229, 0, 57, 82, 52, 15, 9.46%, 0, 0, 4, 305.99, 59536, 274, 0, 0
234, 0, 57, 82, 52, 15, 9.46%, 0, 0, 4, 305.60, 61036, 274, 0, 0
239, 0, 57, 82, 52, 15, 9.46%, 0, 0, 4, 275.82, 62477, 274, 0, 0
245, 0, 57, 82, 52, 15, 9.46%, 0, 0, 4, 306.26, 64036, 274, 0, 0
250, 0, 57, 83, 53, 15, 9.46%, 0, 0, 4, 267.71, 65374, 274, 0, 0
255, 0, 57, 83, 53, 15, 9.46%, 0, 0, 4, 251.70, 66629, 274, 0, 0
260, 0, 57, 83, 53, 15, 9.46%, 0, 0, 4, 276.97, 68009, 274, 0, 0
265, 0, 57, 83, 53, 15, 9.46%, 0, 0, 4, 260.05, 69279, 274, 0, 0
270, 0, 57, 83, 53, 15, 9.46%, 0, 0, 4, 291.11, 70744, 274, 0, 0
275, 0, 57, 83, 53, 15, 9.46%, 0, 0, 4, 255.33, 71994, 274, 0, 0
280, 0, 57, 83, 53, 15, 9.46%, 0, 0, 4, 245.76, 73209, 274, 0, 0
285, 0, 57, 83, 53, 15, 9.46%, 0, 0, 4, 250.13, 74529, 274, 0, 0
290, 0, 57, 83, 53, 15, 9.46%, 0, 0, 4, 237.99, 75718, 274, 0, 0
296, 0, 57, 83, 53, 15, 9.46%, 0, 0, 4, 242.47, 76982, 274, 0, 0
301, 0, 57, 83, 53, 15, 9.46%, 0, 0, 4, 247.97, 78242, 274, 0, 0
306, 0, 57, 83, 53, 15, 9.46%, 0, 0, 4, 266.19, 79605, 274, 0, 0
311, 0, 35, 83, 47, 24, 9.46%, 0, 0, 4, 256.18, 80897, 274, 0, 0
316, 0, 44, 83, 39, 16, 9.46%, 0, 0, 4, 250.00, 82184, 274, 0, 0
321, 0, 68, 83, 31, 7, 9.46%, 0, 0, 4, 258.23, 83478, 274, 0, 0
326, 0, 76, 83, 25, 2, 9.46%, 0, 0, 4, 248.36, 84705, 274, 0, 0
332, 0, 80, 83, 22, 0, 9.46%, 0, 0, 4, 251.54, 85999, 274, 0, 0
337, 0, 35, 83, 22, 0, 9.46%, 0, 0, 4, 243.51, 87262, 274, 0, 0
342, 0, 83, 84, 23, 1, 9.50%, 0, 0, 5, 244.36, 88531, 275, 0, 0
347, 0, 84, 85, 22, 1, 9.56%, 0, 0, 5, 246.96, 89773, 277, 0, 0
352, 1, 75, 85, 21, 0, 9.56%, 0, 0, 5, 245.31, 91046, 277, 0, 0
357, 1, 66, 85, 20, 0, 9.56%, 0, 0, 5, 238.53, 92292, 277, 0, 0
362, 1, 84, 85, 20, 0, 9.56%, 0, 0, 5, 242.85, 93524, 277, 0, 0
368, 1, 50, 85, 19, 0, 9.56%, 0, 0, 5, 251.18, 94837, 277, 0, 0
373, 1, 66, 85, 17, 0, 9.56%, 0, 0, 5, 260.53, 96138, 277, 0, 0
378, 1, 77, 85, 17, 0, 9.56%, 0, 0, 5, 279.39, 97553, 277, 0, 0
383, 1, 40, 86, 17, 0, 9.67%, 0, 0, 5, 261.34, 98908, 280, 0, 0
388, 1, 72, 86, 17, 0, 9.67%, 0, 0, 5, 276.04, 100403, 280, 0, 0
393, 1, 77, 86, 15, 0, 9.67%, 0, 0, 5, 257.56, 101679, 280, 0, 0
398, 2, 41, 86, 14, 0, 9.67%, 0, 0, 5, 261.14, 102998, 280, 0, 0
403, 2, 45, 86, 13, 0, 9.67%, 0, 0, 5, 258.19, 104307, 280, 0, 0
408, 2, 78, 87, 13, 0, 9.81%, 0, 0, 5, 240.83, 105515, 284, 0, 0
413, 2, 33, 89, 12, 0, 10.12%, 0, 0, 6, 252.20, 106822, 293, 0, 0
418, 2, 50, 89, 11, 0, 10.12%, 0, 0, 6, 254.81, 108105, 293, 0, 0
423, 2, 89, 91, 12, 2, 10.26%, 0, 0, 6, 246.24, 109335, 297, 0, 0
429, 2, 80, 91, 10, 0, 10.26%, 0, 0, 6, 243.20, 110594, 297, 0, 0
434, 2, 76, 91, 9, 0, 10.26%, 0, 0, 6, 243.20, 111786, 297, 0, 0
439, 2, 79, 91, 8, 0, 10.26%, 0, 0, 6, 230.88, 112993, 297, 0, 0
444, 2, 71, 91, 7, 0, 10.26%, 0, 0, 6, 234.08, 114169, 297, 0, 0
449, 2, 54, 92, 7, 0, 10.39%, 0, 0, 7, 242.70, 115457, 301, 0, 0
454, 3, 37, 92, 6, 0, 10.39%, 0, 0, 7, 248.61, 116737, 301, 0, 0
459, 3, 40, 92, 6, 0, 10.39%, 0, 0, 7, 253.43, 118059, 301, 0, 0
464, 3, 77, 92, 6, 0, 10.39%, 0, 0, 7, 246.40, 119285, 301, 0, 0
470, 3, 47, 92, 6, 0, 10.39%, 0, 0, 7, 249.43, 120588, 301, 0, 0
475, 3, 72, 92, 6, 0, 10.39%, 0, 0, 7, 247.09, 121818, 301, 0, 0
480, 3, 92, 98, 12, 1, 11.60%, 0, 0, 7, 242.52, 123044, 336, 0, 0
485, 3, 92, 99, 13, 1, 11.60%, 0, 0, 7, 263.69, 124388, 336, 0, 0
490, 3, 92, 99, 13, 1, 11.60%, 1, 0, 7, 281.14, 125754, 336, 1, 0
495, 3, 92, 100, 14, 1, 11.64%, 1, 0, 7, 248.41, 126955, 337, 1, 0
500, 3, 92, 101, 15, 1, 11.81%, 1, 0, 7, 257.77, 128253, 342, 1, 0
505, 3, 92, 101, 15, 1, 11.81%, 1, 0, 7, 238.45, 129418, 342, 1, 0
510, 3, 92, 101, 15, 1, 11.81%, 1, 0, 7, 232.68, 130606, 342, 1, 0
515, 3, 92, 102, 16, 1, 11.88%, 1, 0, 7, 270.53, 131960, 344, 1, 0
520, 3, 92, 103, 17, 1, 11.88%, 1, 0, 7, 256.94, 133262, 344, 1, 0
525, 3, 92, 104, 18, 1, 11.91%, 1, 0, 7, 258.97, 134544, 345, 1, 0
530, 3, 96, 113, 25, 15, 12.22%, 1, 0, 8, 284.63, 136037, 354, 1, 0
536, 3, 104, 115, 25, 14, 12.29%, 1, 0, 8, 259.74, 137278, 356, 1, 0
541, 3, 100, 115, 23, 12, 12.29%, 1, 0, 8, 243.58, 138508, 356, 1, 0
546, 3, 101, 119, 26, 11, 12.60%, 2, 0, 8, 245.10, 139645, 365, 2, 0
551, 3, 101, 122, 29, 11, 12.78%, 2, 0, 8, 269.43, 141102, 370, 2, 0
556, 3, 101, 122, 29, 11, 12.78%, 2, 0, 8, 249.09, 142318, 370, 2, 0
561, 3, 101, 123, 30, 11, 12.78%, 2, 0, 8, 252.71, 143603, 370, 2, 0
566, 3, 101, 123, 30, 11, 12.78%, 2, 0, 8, 243.47, 144797, 370, 2, 0
571, 3, 101, 124, 31, 11, 12.95%, 2, 0, 8, 247.75, 146076, 375, 2, 0
576, 3, 101, 125, 32, 11, 12.98%, 2, 0, 8, 252.91, 147402, 376, 2, 0
582, 3, 101, 126, 33, 11, 13.02%, 2, 0, 8, 244.21, 148650, 377, 2, 0
587, 3, 101, 126, 33, 11, 13.02%, 2, 0, 8, 240.95, 149894, 377, 2, 0
592, 3, 101, 127, 34, 11, 13.05%, 2, 0, 8, 236.98, 151113, 378, 2, 0
597, 3, 103, 127, 33, 19, 13.05%, 2, 0, 8, 238.81, 152341, 378, 2, 0
602, 3, 106, 128, 33, 18, 13.16%, 2, 0, 9, 243.38, 153631, 381, 2, 0
607, 3, 107, 129, 33, 18, 15.71%, 2, 0, 9, 244.33, 154836, 455, 2, 0
612, 3, 108, 130, 33, 17, 15.71%, 2, 0, 9, 243.46, 156119, 455, 2, 0
617, 3, 119, 134, 36, 16, 15.85%, 2, 0, 9, 238.67, 157332, 459, 2, 0
623, 3, 119, 134, 36, 16, 15.85%, 2, 0, 9, 239.91, 158588, 459, 2, 0
628, 3, 119, 135, 37, 16, 15.85%, 2, 0, 9, 236.43, 159779, 459, 2, 0
633, 3, 119, 136, 38, 16, 15.88%, 2, 0, 9, 243.89, 161010, 460, 2, 0
638, 3, 119, 136, 38, 16, 15.88%, 2, 0, 9, 239.07, 162258, 460, 2, 0
643, 3, 119, 136, 38, 16, 15.88%, 2, 0, 9, 249.77, 163556, 460, 2, 0
648, 3, 119, 137, 39, 16, 15.88%, 2, 0, 9, 250.07, 164853, 460, 2, 0
653, 3, 119, 137, 39, 16, 15.88%, 2, 0, 9, 249.24, 166128, 460, 2, 0
658, 3, 119, 137, 39, 16, 15.88%, 2, 0, 9, 242.35, 167345, 460, 2, 0
663, 3, 119, 137, 39, 16, 15.88%, 2, 0, 9, 237.52, 168581, 460, 2, 0
668, 3, 119, 138, 40, 16, 15.88%, 2, 0, 9, 289.55, 170016, 460, 2, 0
674, 3, 119, 139, 41, 16, 15.92%, 2, 0, 9, 308.80, 171550, 461, 2, 0
679, 3, 119, 139, 41, 16, 15.92%, 2, 0, 9, 254.53, 172803, 461, 2, 0
684, 3, 119, 139, 41, 16, 15.92%, 2, 0, 9, 243.09, 174012, 461, 2, 0
689, 3, 119, 139, 41, 16, 15.92%, 2, 0, 9, 236.10, 175248, 461, 2, 0
694, 3, 119, 139, 41, 16, 15.92%, 2, 0, 9, 247.15, 176500, 461, 2, 0
699, 3, 119, 139, 41, 16, 15.92%, 2, 0, 9, 242.52, 177728, 461, 2, 0
704, 3, 119, 139, 41, 16, 15.92%, 2, 0, 9, 261.15, 179128, 461, 2, 0
709, 3, 119, 139, 41, 16, 15.92%, 2, 0, 9, 241.54, 180368, 461, 2, 0
714, 3, 119, 140, 42, 16, 16.33%, 2, 0, 9, 246.34, 181643, 473, 2, 0
720, 3, 119, 140, 42, 16, 16.33%, 2, 0, 9, 250.44, 182919, 473, 2, 0
725, 3, 119, 140, 42, 16, 16.33%, 2, 0, 9, 284.58, 184500, 473, 2, 0
730, 3, 119, 140, 42, 16, 16.33%, 2, 0, 9, 259.98, 185765, 473, 2, 0
735, 3, 119, 140, 42, 16, 16.33%, 2, 0, 9, 303.98, 187305, 473, 2, 0
740, 3, 119, 140, 42, 16, 16.33%, 2, 0, 9, 311.06, 188939, 473, 2, 0
745, 3, 119, 140, 42, 16, 16.33%, 2, 0, 9, 278.29, 190350, 473, 2, 0
750, 3, 119, 140, 42, 16, 16.33%, 2, 0, 9, 253.10, 191550, 473, 2, 0
755, 3, 119, 140, 42, 16, 16.33%, 2, 0, 9, 243.27, 192763, 473, 2, 0
761, 3, 119, 140, 42, 16, 16.33%, 2, 0, 9, 252.85, 194060, 473, 2, 0
766, 3, 109, 140, 41, 21, 16.33%, 2, 0, 9, 248.61, 195343, 473, 2, 0
771, 3, 118, 140, 40, 20, 16.33%, 2, 0, 9, 239.95, 196534, 473, 2, 0
776, 3, 135, 140, 38, 18, 16.33%, 2, 0, 9, 242.12, 197765, 473, 2, 0
781, 3, 111, 141, 38, 18, 16.37%, 2, 0, 10, 243.71, 198984, 474, 2, 0
786, 3, 113, 141, 36, 16, 16.37%, 2, 0, 10, 243.85, 200272, 474, 2, 0
792, 3, 128, 166, 60, 15, 19.48%, 3, 0, 10, 238.92, 201511, 564, 3, 0
797, 3, 128, 177, 71, 15, 19.96%, 3, 0, 10, 255.89, 202808, 578, 3, 0
802, 3, 128, 183, 77, 15, 20.17%, 3, 0, 10, 226.92, 204000, 584, 3, 0
807, 3, 128, 185, 79, 15, 20.20%, 3, 0, 10, 229.31, 205182, 585, 3, 0
812, 3, 128, 190, 84, 15, 20.34%, 3, 0, 10, 225.36, 206293, 589, 3, 0
817, 3, 128, 192, 86, 15, 20.48%, 3, 0, 10, 225.29, 207451, 593, 3, 0
822, 3, 115, 192, 85, 33, 20.48%, 3, 0, 10, 237.35, 208648, 593, 3, 0
828, 3, 116, 192, 83, 31, 20.48%, 3, 0, 10, 198.30, 209632, 593, 3, 0
833, 3, 188, 194, 83, 29, 20.48%, 3, 0, 11, 225.00, 210870, 593, 3, 0
838, 3, 188, 196, 85, 29, 20.48%, 3, 0, 11, 252.14, 212241, 593, 3, 0
843, 3, 188, 199, 88, 29, 20.48%, 3, 0, 11, 272.68, 213662, 593, 3, 0
848, 3, 188, 199, 88, 29, 20.48%, 3, 0, 11, 238.24, 214849, 593, 3, 0
853, 3, 188, 199, 88, 29, 20.48%, 3, 0, 11, 269.55, 216222, 593, 3, 0
858, 3, 188, 199, 88, 29, 20.48%, 3, 0, 11, 241.52, 217441, 593, 3, 0
863, 3, 188, 199, 88, 29, 20.48%, 3, 0, 11, 231.52, 218597, 593, 3, 0
868, 3, 188, 199, 88, 29, 20.48%, 3, 0, 11, 238.79, 219809, 593, 3, 0
873, 3, 123, 199, 86, 26, 20.48%, 3, 0, 11, 228.16, 220973, 593, 3, 0
879, 3, 127, 199, 84, 24, 20.48%, 3, 0, 11, 238.54, 222236, 593, 3, 0
884, 3, 194, 199, 82, 22, 20.48%, 3, 0, 11, 242.28, 223477, 593, 3, 0
889, 3, 163, 200, 82, 21, 20.48%, 5, 0, 11, 318.48, 224743, 593, 5, 0
894, 3, 132, 201, 82, 21, 20.51%, 5, 0, 11, 255.57, 225952, 594, 5, 0
899, 3, 139, 203, 83, 21, 20.55%, 5, 0, 11, 242.56, 227175, 595, 5, 0
905, 3, 139, 207, 87, 21, 20.65%, 5, 0, 11, 270.65, 228529, 598, 5, 0
910, 3, 139, 207, 87, 21, 20.65%, 5, 0, 11, 238.77, 229748, 598, 5, 0
915, 3, 139, 210, 90, 21, 20.75%, 5, 0, 11, 265.64, 231225, 601, 5, 0
920, 3, 139, 211, 91, 21, 20.89%, 5, 0, 11, 238.53, 232384, 605, 5, 0
925, 3, 139, 212, 92, 21, 21.44%, 5, 0, 11, 225.10, 233535, 621, 5, 0
930, 3, 144, 228, 107, 26, 21.79%, 5, 0, 11, 227.89, 234663, 631, 5, 0
935, 3, 144, 237, 116, 26, 21.79%, 5, 0, 11, 229.57, 235806, 631, 5, 0
940, 3, 144, 242, 121, 26, 22.41%, 5, 0, 11, 261.55, 237133, 649, 5, 0
945, 3, 144, 244, 123, 26, 22.41%, 5, 0, 11, 262.28, 238512, 649, 5, 0
950, 3, 144, 245, 124, 26, 22.41%, 5, 0, 11, 240.85, 239678, 649, 5, 0
955, 3, 144, 246, 125, 26, 22.41%, 5, 0, 11, 244.12, 240905, 649, 5, 0
961, 3, 144, 249, 128, 26, 22.41%, 6, 0, 11, 293.30, 242108, 649, 6, 0
966, 3, 144, 249, 128, 26, 22.41%, 6, 0, 11, 268.92, 243448, 649, 6, 0
971, 3, 144, 249, 128, 26, 22.41%, 6, 0, 11, 241.14, 244619, 649, 6, 0
976, 3, 144, 249, 128, 26, 22.41%, 6, 0, 11, 248.78, 245863, 649, 6, 0
981, 3, 144, 250, 129, 26, 22.41%, 6, 0, 11, 233.31, 247054, 649, 6, 0
986, 3, 144, 251, 130, 26, 22.41%, 6, 0, 11, 245.43, 248237, 649, 6, 0
991, 3, 144, 252, 131, 26, 22.44%, 6, 0, 11, 247.34, 249498, 650, 6, 0
996, 3, 144, 252, 131, 26, 22.44%, 6, 0, 11, 248.72, 250740, 650, 6, 0
1001, 3, 144, 252, 131, 26, 22.44%, 6, 0, 11, 236.70, 251928, 650, 6, 0
1006, 3, 144, 252, 131, 26, 22.44%, 6, 0, 11, 242.15, 253156, 650, 6, 0
1011, 3, 144, 253, 132, 26, 22.44%, 7, 0, 11, 273.71, 254392, 650, 7, 0
1016, 3, 144, 253, 132, 26, 22.44%, 7, 0, 11, 277.54, 255762, 650, 7, 0
1022, 3, 144, 253, 132, 26, 22.44%, 7, 0, 11, 246.99, 256972, 650, 7, 0
1027, 3, 144, 254, 133, 26, 22.44%, 7, 0, 11, 244.27, 258231, 650, 7, 0
1032, 3, 144, 254, 133, 26, 22.44%, 7, 0, 11, 236.70, 259387, 650, 7, 0
1037, 3, 144, 255, 134, 26, 22.44%, 7, 0, 11, 244.70, 260678, 650, 7, 0
1042, 3, 144, 256, 135, 26, 22.44%, 7, 0, 11, 246.09, 261933, 650, 7, 0
1047, 3, 144, 257, 136, 26, 22.48%, 7, 0, 11, 247.74, 263140, 651, 7, 0
1052, 3, 166, 257, 135, 29, 22.48%, 7, 0, 11, 249.74, 264500, 651, 7, 0
1057, 3, 166, 257, 135, 29, 22.48%, 7, 0, 11, 201.16, 265456, 651, 7, 0
1062, 3, 166, 257, 135, 29, 22.48%, 7, 0, 11, 190.43, 266412, 651, 7, 0
1067, 3, 245, 260, 137, 28, 22.48%, 7, 0, 12, 178.81, 267367, 651, 7, 0
1072, 3, 245, 261, 138, 28, 22.48%, 7, 0, 12, 219.53, 268521, 651, 7, 0
1078, 3, 245, 262, 139, 28, 22.48%, 7, 0, 12, 232.09, 269728, 651, 7, 0
1083, 3, 245, 264, 141, 28, 22.51%, 7, 0, 12, 230.73, 270886, 652, 7, 0
1088, 3, 245, 265, 142, 28, 22.51%, 7, 0, 12, 237.68, 272089, 652, 7, 0
1093, 3, 245, 265, 142, 28, 22.51%, 8, 0, 12, 290.95, 273205, 652, 8, 0
1098, 3, 245, 265, 142, 28, 22.51%, 8, 0, 12, 244.69, 274390, 652, 8, 0
1103, 3, 245, 266, 143, 28, 22.51%, 8, 0, 12, 238.85, 275601, 652, 8, 0
1108, 3, 245, 266, 143, 28, 22.51%, 8, 0, 12, 238.44, 276829, 652, 8, 0
1113, 3, 245, 267, 144, 28, 22.55%, 8, 0, 12, 241.95, 278076, 653, 8, 0
1118, 3, 245, 267, 144, 28, 22.55%, 8, 0, 12, 253.09, 279369, 653, 8, 0
1123, 3, 245, 268, 145, 28, 22.55%, 8, 0, 12, 275.61, 280736, 653, 8, 0
1128, 3, 245, 268, 145, 28, 22.55%, 8, 0, 12, 243.82, 281931, 653, 8, 0
1133, 3, 245, 269, 146, 28, 22.55%, 8, 0, 12, 258.24, 283333, 653, 8, 0
1138, 3, 245, 269, 146, 28, 22.55%, 8, 0, 12, 237.58, 284514, 653, 8, 0
1143, 3, 245, 269, 146, 28, 22.55%, 8, 0, 12, 238.60, 285702, 653, 8, 0
1148, 3, 245, 269, 146, 28, 22.55%, 8, 0, 12, 230.38, 286874, 653, 8, 0
1153, 3, 245, 269, 146, 28, 22.55%, 8, 0, 12, 240.51, 288126, 653, 8, 0
1158, 3, 245, 269, 146, 28, 22.55%, 8, 0, 12, 232.27, 289294, 653, 8, 0
1163, 3, 245, 270, 147, 28, 22.55%, 8, 0, 12, 228.66, 290449, 653, 8, 0
1169, 3, 245, 270, 147, 28, 22.55%, 8, 0, 12, 227.42, 291617, 653, 8, 0
1174, 3, 245, 272, 149, 28, 23.48%, 8, 0, 12, 234.56, 292791, 680, 8, 0
1179, 3, 245, 272, 149, 28, 23.48%, 8, 0, 12, 248.47, 294027, 680, 8, 0
1184, 3, 245, 272, 149, 28, 23.48%, 8, 0, 12, 256.95, 295314, 680, 8, 0
1191, 3, 170, 272, 148, 30, 23.48%, 8, 0, 12, 232.75, 296931, 680, 8, 0
1196, 3, 251, 272, 147, 29, 23.48%, 8, 0, 12, 225.19, 298066, 680, 8, 0
1201, 3, 251, 275, 150, 29, 23.55%, 8, 0, 12, 230.18, 299215, 682, 8, 0
1206, 3, 251, 277, 152, 29, 23.55%, 8, 0, 12, 237.19, 300413, 682, 8, 0
1211, 3, 251, 278, 153, 29, 23.55%, 8, 0, 12, 247.13, 301632, 682, 8, 0
1216, 3, 251, 279, 154, 29, 23.55%, 8, 0, 12, 239.82, 302871, 682, 8, 0
1221, 3, 251, 280, 155, 29, 23.58%, 8, 0, 12, 240.46, 304062, 683, 8, 0
1226, 3, 251, 281, 156, 29, 23.58%, 8, 0, 12, 235.96, 305253, 683, 8, 0
1233, 3, 175, 281, 154, 29, 23.58%, 8, 0, 12, 241.74, 306857, 683, 8, 0
1238, 3, 210, 283, 155, 28, 23.58%, 8, 0, 12, 248.97, 308129, 683, 8, 0
1243, 3, 210, 286, 158, 28, 23.62%, 8, 0, 12, 274.31, 309475, 684, 8, 0
1248, 3, 210, 287, 159, 28, 23.62%, 8, 0, 12, 271.49, 310912, 684, 8, 0
1253, 3, 210, 289, 161, 28, 23.69%, 8, 0, 12, 250.99, 312127, 686, 8, 0
1258, 3, 210, 291, 163, 28, 23.72%, 8, 0, 12, 235.94, 313341, 687, 8, 0
1263, 3, 210, 291, 163, 28, 23.72%, 8, 0, 12, 242.18, 314609, 687, 8, 0
1268, 3, 210, 291, 163, 28, 23.72%, 8, 0, 12, 269.29, 315930, 687, 8, 0
1273, 3, 210, 291, 163, 28, 23.72%, 8, 0, 12, 264.12, 317205, 687, 8, 0
1278, 3, 209, 292, 162, 29, 23.72%, 8, 0, 12, 248.45, 318433, 687, 8, 0
1283, 3, 179, 292, 161, 28, 23.72%, 8, 0, 12, 252.37, 319735, 687, 8, 0
1289, 3, 211, 293, 161, 27, 23.83%, 8, 0, 12, 230.94, 320977, 690, 8, 0
1294, 3, 223, 295, 161, 26, 23.83%, 8, 0, 12, 253.28, 322399, 690, 8, 0
1299, 3, 203, 295, 160, 25, 23.83%, 8, 0, 12, 238.73, 323580, 690, 8, 0
1304, 3, 201, 296, 160, 24, 23.83%, 8, 0, 12, 247.62, 324852, 690, 8, 0
1310, 3, 208, 296, 158, 22, 23.83%, 8, 0, 12, 229.11, 326143, 690, 8, 0
1316, 3, 204, 296, 156, 20, 23.83%, 8, 0, 12, 217.80, 327426, 690, 8, 0
1321, 3, 205, 297, 156, 20, 23.90%, 8, 0, 12, 207.25, 328477, 692, 8, 0
1326, 3, 292, 301, 159, 19, 23.93%, 8, 0, 12, 227.95, 329654, 693, 8, 0
1332, 3, 206, 306, 163, 20, 23.93%, 8, 0, 12, 223.18, 330767, 693, 8, 0
1337, 3, 206, 306, 163, 20, 23.93%, 8, 0, 12, 221.59, 331931, 693, 8, 0
1342, 3, 206, 306, 163, 20, 23.93%, 8, 0, 12, 220.26, 333035, 693, 8, 0
1347, 3, 263, 306, 161, 19, 23.93%, 8, 0, 12, 222.80, 334207, 693, 8, 0
1352, 3, 212, 306, 159, 17, 23.93%, 8, 0, 12, 224.92, 335374, 693, 8, 0
1357, 3, 212, 306, 159, 17, 23.93%, 8, 0, 12, 182.40, 336251, 693, 8, 0
1363, 3, 207, 306, 158, 16, 23.93%, 8, 0, 12, 188.68, 337620, 693, 8, 0
1369, 3, 266, 306, 156, 14, 23.93%, 8, 0, 12, 211.49, 339007, 693, 8, 0
1375, 3, 237, 314, 163, 13, 23.93%, 8, 0, 12, 204.07, 340104, 693, 8, 0
1380, 3, 237, 320, 169, 13, 23.93%, 8, 0, 12, 198.70, 341042, 693, 8, 0
1385, 3, 237, 320, 169, 13, 23.93%, 8, 0, 12, 226.30, 342201, 693, 8, 0
1390, 3, 237, 321, 170, 13, 23.93%, 8, 0, 12, 225.57, 343352, 693, 8, 0
1395, 3, 237, 321, 170, 13, 23.93%, 8, 0, 12, 231.89, 344532, 693, 8, 0
1400, 3, 237, 322, 171, 13, 24.00%, 8, 0, 12, 227.23, 345671, 695, 8, 0
1405, 3, 237, 322, 171, 13, 24.00%, 8, 0, 12, 223.46, 346791, 695, 8, 0
1410, 3, 237, 322, 171, 13, 24.00%, 8, 0, 12, 215.31, 347907, 695, 8, 0
1415, 3, 237, 322, 171, 13, 24.00%, 8, 0, 12, 188.94, 348902, 695, 8, 0
1420, 3, 237, 322, 171, 13, 24.00%, 8, 0, 12, 206.99, 349936, 695, 8, 0
1426, 3, 237, 322, 171, 13, 24.00%, 8, 0, 12, 230.85, 351172, 695, 8, 0
1431, 3, 237, 322, 171, 13, 24.00%, 8, 0, 12, 243.46, 352376, 695, 8, 0
1436, 3, 237, 322, 171, 13, 24.00%, 8, 0, 12, 278.24, 353835, 695, 8, 0
1441, 3, 237, 322, 171, 13, 24.00%, 9, 0, 12, 254.56, 354841, 695, 9, 0
1446, 3, 241, 322, 170, 13, 24.00%, 9, 0, 12, 151.84, 355458, 695, 9, 0
1451, 3, 241, 326, 174, 13, 24.00%, 9, 0, 12, 151.08, 356250, 695, 9, 0
1456, 3, 256, 326, 173, 12, 24.00%, 9, 0, 12, 182.50, 357327, 695, 9, 0
1461, 3, 270, 331, 177, 11, 24.00%, 9, 0, 13, 223.72, 358559, 695, 9, 0
1466, 3, 270, 331, 177, 11, 24.00%, 9, 0, 13, 217.33, 359641, 695, 9, 0
1471, 3, 271, 338, 183, 11, 24.00%, 9, 0, 13, 211.28, 360724, 695, 9, 0
1476, 3, 271, 338, 183, 11, 24.00%, 9, 0, 13, 214.21, 361776, 695, 9, 0
1482, 3, 271, 338, 183, 11, 24.00%, 9, 0, 13, 223.29, 362940, 695, 9, 0
1488, 3, 274, 338, 181, 10, 24.00%, 9, 0, 13, 222.35, 364349, 695, 9, 0
1494, 3, 297, 339, 181, 9, 24.00%, 9, 0, 13, 226.03, 365777, 695, 9, 0
1499, 3, 297, 341, 183, 9, 24.07%, 9, 0, 13, 220.91, 366908, 697, 9, 0
1505, 3, 287, 341, 182, 10, 24.07%, 9, 0, 13, 224.63, 368088, 697, 9, 0
1511, 3, 321, 344, 183, 8, 24.07%, 9, 0, 13, 220.97, 369580, 697, 9, 0
1516, 3, 321, 351, 190, 8, 24.17%, 9, 0, 13, 189.17, 370549, 700, 9, 0
1521, 3, 321, 352, 191, 8, 24.17%, 9, 0, 13, 199.97, 371522, 700, 9, 0
1526, 3, 321, 354, 193, 8, 24.17%, 9, 0, 13, 214.10, 372605, 700, 9, 0
1531, 3, 321, 356, 195, 8, 24.24%, 9, 0, 13, 226.96, 373719, 702, 9, 0
1536, 3, 321, 358, 197, 8, 24.34%, 9, 0, 13, 229.91, 374909, 705, 9, 0
1542, 3, 321, 360, 199, 8, 24.34%, 9, 0, 13, 235.06, 376063, 705, 9, 0
1547, 3, 321, 361, 200, 8, 24.34%, 9, 0, 13, 249.45, 377306, 705, 9, 0
1552, 3, 321, 361, 200, 8, 24.34%, 9, 0, 13, 229.30, 378406, 705, 9, 0
1557, 3, 321, 361, 200, 8, 24.34%, 9, 0, 13, 224.34, 379562, 705, 9, 0
1562, 3, 321, 361, 200, 8, 24.34%, 9, 0, 13, 213.66, 380594, 705, 9, 0
1567, 3, 321, 361, 200, 8, 24.34%, 9, 0, 13, 229.52, 381782, 705, 9, 0
1572, 3, 321, 361, 200, 8, 24.34%, 9, 0, 13, 197.93, 382736, 705, 9, 0
1577, 3, 321, 362, 201, 8, 24.34%, 9, 0, 13, 185.34, 383713, 705, 9, 0
1582, 3, 321, 362, 201, 8, 24.34%, 9, 0, 13, 194.20, 384685, 705, 9, 0
1587, 3, 321, 362, 201, 8, 24.34%, 9, 0, 13, 207.97, 385742, 705, 9, 0
1592, 3, 321, 362, 201, 8, 24.34%, 9, 0, 13, 220.04, 386842, 705, 9, 0
1597, 3, 321, 362, 201, 8, 24.34%, 9, 0, 13, 169.52, 387652, 705, 9, 0
1602, 3, 321, 362, 201, 8, 24.34%, 9, 0, 13, 187.51, 388693, 705, 9, 0
1607, 3, 321, 362, 201, 8, 24.34%, 9, 0, 13, 190.41, 389590, 705, 9, 0
1612, 3, 321, 362, 201, 8, 24.34%, 9, 0, 13, 230.23, 390766, 705, 9, 0
1618, 3, 321, 362, 201, 8, 24.34%, 9, 0, 13, 217.63, 391858, 705, 9, 0
1623, 3, 321, 362, 201, 8, 24.34%, 9, 0, 13, 216.88, 392946, 705, 9, 0
1628, 3, 321, 362, 201, 8, 24.34%, 9, 0, 13, 209.51, 393978, 705, 9, 0
1633, 3, 321, 362, 201, 8, 24.34%, 9, 0, 13, 219.11, 395122, 705, 9, 0
1638, 3, 321, 362, 201, 8, 24.34%, 9, 0, 13, 187.85, 396082, 705, 9, 0
1643, 3, 321, 363, 202, 8, 24.34%, 9, 0, 13, 242.71, 397286, 705, 9, 0
1648, 3, 321, 363, 202, 8, 24.34%, 9, 0, 13, 276.72, 398722, 705, 9, 0
1653, 3, 290, 363, 201, 10, 24.34%, 9, 0, 13, 239.96, 399901, 705, 9, 0
1658, 3, 354, 364, 201, 9, 24.34%, 9, 0, 14, 216.63, 400917, 705, 9, 0
1663, 3, 354, 364, 201, 9, 24.34%, 9, 0, 14, 216.76, 402041, 705, 9, 0
1669, 3, 296, 366, 202, 8, 24.41%, 9, 0, 14, 219.37, 403233, 707, 9, 0
1675, 3, 298, 367, 202, 10, 24.45%, 9, 0, 14, 225.31, 404723, 708, 9, 0
1680, 3, 329, 367, 201, 9, 24.45%, 9, 0, 14, 214.18, 405773, 708, 9, 0
1686, 3, 356, 367, 200, 8, 24.45%, 10, 0, 14, 225.39, 406792, 708, 10, 0
1691, 3, 334, 370, 202, 7, 24.45%, 10, 0, 14, 215.32, 407866, 708, 10, 0
1696, 3, 339, 371, 202, 8, 24.45%, 11, 0, 14, 245.35, 408882, 708, 11, 0
1702, 3, 340, 372, 202, 7, 24.45%, 11, 0, 14, 228.07, 410215, 708, 11, 0
1707, 3, 340, 374, 204, 7, 24.45%, 11, 0, 14, 183.88, 411141, 708, 11, 0
1712, 3, 349, 374, 203, 7, 24.45%, 11, 0, 14, 192.05, 412165, 708, 11, 0
1717, 3, 349, 376, 205, 7, 24.45%, 11, 0, 14, 178.29, 413037, 708, 11, 0
1722, 3, 349, 376, 205, 7, 24.45%, 11, 0, 14, 205.13, 414096, 708, 11, 0
1727, 3, 349, 376, 205, 7, 24.45%, 11, 0, 14, 216.41, 415232, 708, 11, 0
1733, 3, 371, 376, 204, 6, 24.45%, 11, 0, 14, 223.61, 416571, 708, 11, 0
1738, 3, 371, 377, 205, 6, 24.45%, 11, 0, 15, 182.42, 417394, 708, 11, 0
1743, 3, 371, 378, 206, 6, 24.45%, 11, 0, 15, 242.56, 418661, 708, 11, 0
1749, 3, 371, 379, 207, 6, 24.45%, 11, 0, 15, 252.58, 420017, 708, 11, 0
1754, 3, 371, 379, 207, 6, 24.45%, 12, 0, 15, 14.52, 421141, 708, 12, 0
1759, 3, 371, 379, 207, 6, 24.45%, 12, 0, 15, 254.26, 422373, 708, 12, 0
1764, 3, 371, 380, 208, 6, 24.45%, 12, 0, 15, 221.42, 423468, 708, 12, 0
1769, 3, 371, 381, 209, 6, 24.48%, 12, 0, 15, 220.00, 424596, 709, 12, 0
1774, 3, 371, 381, 209, 6, 24.48%, 12, 0, 15, 173.99, 425458, 709, 12, 0
1779, 3, 371, 381, 209, 6, 24.48%, 12, 0, 15, 204.47, 426500, 709, 12, 0
1784, 3, 371, 382, 210, 6, 24.52%, 12, 0, 15, 229.20, 427687, 710, 12, 0
1789, 3, 371, 382, 210, 6, 24.52%, 12, 0, 15, 230.62, 428875, 710, 12, 0
1795, 3, 364, 383, 210, 8, 24.52%, 12, 0, 15, 234.34, 430008, 710, 12, 0
1800, 3, 365, 383, 209, 7, 24.52%, 12, 0, 15, 211.59, 431000, 710, 12, 0
1805, 3, 366, 384, 209, 6, 24.52%, 12, 0, 15, 198.80, 431984, 710, 12, 0
1810, 3, 367, 386, 210, 6, 24.52%, 12, 0, 15, 182.18, 432891, 710, 12, 0
1815, 3, 367, 389, 213, 6, 24.52%, 12, 0, 15, 165.09, 433807, 710, 12, 0
1820, 3, 367, 390, 214, 6, 24.52%, 12, 0, 15, 187.20, 434747, 710, 12, 0
1825, 3, 367, 390, 214, 6, 24.52%, 12, 0, 15, 209.02, 435853, 710, 12, 0
1830, 3, 367, 390, 214, 6, 24.52%, 12, 0, 15, 206.92, 436897, 710, 12, 0
1836, 3, 367, 391, 215, 6, 24.52%, 12, 0, 15, 189.66, 437922, 710, 12, 0
1841, 3, 367, 392, 216, 6, 24.52%, 12, 0, 15, 205.07, 438895, 710, 12, 0
1846, 3, 367, 393, 217, 6, 24.52%, 12, 0, 15, 270.44, 440305, 710, 12, 0
1851, 3, 367, 393, 217, 6, 24.52%, 12, 0, 15, 234.95, 441454, 710, 12, 0
1856, 3, 367, 394, 218, 6, 24.52%, 12, 0, 15, 170.47, 442281, 710, 12, 0
1861, 3, 382, 395, 218, 5, 24.52%, 12, 0, 16, 197.06, 443371, 710, 12, 0
1866, 3, 382, 396, 219, 5, 24.52%, 12, 0, 16, 292.87, 444526, 710, 12, 0
1871, 3, 382, 397, 220, 5, 24.52%, 12, 0, 16, 246.54, 445737, 710, 12, 0
1876, 3, 382, 398, 221, 5, 24.65%, 12, 0, 16, 241.72, 447016, 714, 12, 0
1881, 3, 382, 398, 221, 5, 24.65%, 12, 0, 16, 232.67, 448192, 714, 12, 0
1887, 3, 382, 399, 222, 5, 24.65%, 12, 0, 16, 231.09, 449379, 714, 12, 0
1892, 3, 382, 400, 223, 5, 24.69%, 12, 0, 16, 227.80, 450498, 715, 12, 0
1897, 3, 382, 401, 224, 5, 24.69%, 12, 0, 16, 237.22, 451737, 715, 12, 0
1902, 3, 382, 401, 224, 5, 24.69%, 12, 0, 16, 243.01, 452933, 715, 12, 0
1907, 3, 382, 401, 224, 5, 24.69%, 12, 0, 16, 210.87, 453925, 715, 12, 0
1912, 3, 382, 401, 224, 5, 24.69%, 12, 0, 16, 238.31, 455101, 715, 12, 0
1918, 3, 370, 404, 226, 6, 24.69%, 12, 0, 16, 257.56, 456529, 715, 12, 0
1923, 3, 370, 404, 226, 6, 24.69%, 12, 0, 16, 237.39, 457730, 715, 12, 0
1928, 3, 381, 412, 233, 5, 24.97%, 12, 0, 16, 230.82, 458911, 723, 12, 0
1933, 3, 381, 413, 234, 5, 25.00%, 12, 0, 16, 253.11, 460271, 724, 12, 0
1938, 3, 381, 413, 234, 5, 25.00%, 12, 0, 16, 231.59, 461430, 724, 12, 0
1944, 3, 381, 413, 234, 5, 25.00%, 12, 0, 16, 208.08, 462426, 724, 12, 0
1949, 3, 381, 413, 234, 5, 25.00%, 12, 0, 16, 221.77, 463562, 724, 12, 0
1954, 3, 381, 413, 234, 5, 25.00%, 12, 0, 16, 204.42, 464478, 724, 12, 0
1959, 3, 381, 413, 234, 5, 25.00%, 12, 0, 16, 181.17, 465411, 724, 12, 0
1964, 3, 381, 413, 234, 5, 25.00%, 12, 0, 16, 224.80, 466630, 724, 12, 0
1969, 3, 381, 413, 234, 5, 25.00%, 12, 0, 16, 205.13, 467630, 724, 12, 0
1974, 3, 381, 413, 234, 5, 25.00%, 12, 0, 16, 235.87, 468834, 724, 12, 0
1979, 3, 381, 413, 234, 5, 25.00%, 12, 0, 16, 222.90, 469966, 724, 12, 0
1984, 3, 380, 413, 233, 13, 25.00%, 12, 0, 16, 233.36, 471162, 724, 12, 0
1989, 3, 380, 414, 234, 13, 25.00%, 12, 0, 16, 225.19, 472340, 724, 12, 0
1995, 3, 406, 414, 233, 12, 25.00%, 12, 0, 16, 236.88, 473906, 724, 12, 0
2002, 3, 397, 414, 232, 11, 25.00%, 12, 0, 16, 220.39, 475270, 724, 12, 0
2007, 3, 397, 418, 236, 11, 25.17%, 12, 0, 17, 244.45, 476332, 729, 12, 0
2012, 3, 397, 418, 236, 11, 25.17%, 12, 0, 17, 224.47, 477424, 729, 12, 0
2017, 3, 397, 419, 237, 11, 25.17%, 12, 0, 17, 186.40, 478386, 729, 12, 0
2022, 3, 397, 419, 237, 11, 25.17%, 12, 0, 17, 210.60, 479471, 729, 12, 0
2027, 3, 397, 419, 237, 11, 25.17%, 12, 0, 17, 216.03, 480623, 729, 12, 0
2032, 3, 397, 419, 237, 11, 25.17%, 12, 0, 17, 221.89, 481691, 729, 12, 0
2037, 3, 397, 420, 238, 11, 25.21%, 12, 0, 17, 228.47, 482803, 730, 12, 0
2042, 3, 397, 420, 238, 11, 25.21%, 12, 0, 17, 222.30, 483895, 730, 12, 0
2047, 3, 397, 420, 238, 11, 25.21%, 12, 0, 17, 203.19, 484951, 730, 12, 0
2052, 3, 397, 420, 238, 11, 25.21%, 12, 0, 17, 216.14, 486031, 730, 12, 0
2058, 3, 397, 420, 238, 11, 25.21%, 12, 0, 17, 225.49, 487235, 730, 12, 0
2063, 3, 397, 420, 238, 11, 25.21%, 12, 0, 17, 200.92, 488223, 730, 12, 0
2068, 3, 405, 420, 236, 13, 25.21%, 12, 0, 17, 215.46, 489508, 730, 12, 0
2074, 3, 411, 420, 235, 12, 25.21%, 12, 0, 17, 224.46, 490875, 730, 12, 0
2079, 3, 294, 420, 234, 11, 25.21%, 12, 0, 17, 224.41, 492027, 730, 12, 0
2084, 3, 415, 420, 233, 11, 25.21%, 12, 0, 17, 229.78, 493200, 730, 12, 0
2090, 3, 399, 421, 232, 9, 25.24%, 12, 0, 17, 221.32, 494386, 731, 12, 0
2095, 3, 404, 421, 231, 9, 25.24%, 12, 0, 17, 219.82, 495487, 731, 12, 0
2100, 3, 412, 421, 230, 8, 25.24%, 12, 0, 17, 230.95, 496667, 731, 12, 0
2105, 3, 408, 421, 229, 7, 25.24%, 12, 0, 17, 207.37, 497734, 731, 12, 0
2110, 3, 214, 421, 228, 6, 25.24%, 12, 0, 17, 216.85, 498873, 731, 12, 0
2117, 3, 418, 421, 226, 5, 25.24%, 12, 0, 17, 224.11, 500417, 731, 12, 0
2123, 3, 407, 422, 226, 5, 25.28%, 12, 0, 18, 217.19, 501713, 732, 12, 0
2128, 3, 410, 422, 225, 4, 25.28%, 12, 0, 18, 212.22, 502783, 732, 12, 0
2133, 3, 379, 422, 224, 3, 25.28%, 12, 0, 18, 196.85, 503649, 732, 12, 0
2138, 3, 311, 422, 223, 3, 25.28%, 12, 0, 18, 197.72, 504637, 732, 12, 0
2143, 3, 420, 423, 223, 3, 25.28%, 12, 0, 18, 182.42, 505698, 732, 12, 0
2150, 3, 261, 423, 221, 2, 25.28%, 12, 0, 18, 202.70, 507016, 732, 12, 0
2155, 3, 261, 425, 223, 2, 25.28%, 12, 0, 18, 201.48, 508042, 732, 12, 0
2160, 3, 261, 426, 224, 2, 25.28%, 12, 0, 18, 183.51, 508894, 732, 12, 0
2165, 3, 261, 427, 225, 2, 25.28%, 12, 0, 18, 155.73, 509639, 732, 12, 0
2170, 3, 261, 427, 225, 2, 25.28%, 12, 0, 18, 205.18, 510728, 732, 12, 0
2175, 3, 261, 427, 225, 2, 25.28%, 12, 0, 18, 230.02, 511924, 732, 12, 0
2181, 3, 261, 427, 225, 2, 25.28%, 12, 0, 18, 225.57, 513072, 732, 12, 0
2186, 3, 261, 427, 225, 2, 25.28%, 12, 0, 18, 211.90, 514180, 732, 12, 0
2191, 3, 421, 427, 223, 1, 25.28%, 12, 0, 18, 215.17, 515271, 732, 12, 0
2196, 3, 279, 427, 222, 0, 25.28%, 12, 0, 18, 228.51, 516475, 732, 12, 0
2201, 3, 370, 429, 224, 0, 25.28%, 12, 0, 18, 210.43, 517495, 732, 12, 0
2206, 3, 370, 429, 224, 0, 25.28%, 12, 0, 18, 212.85, 518631, 732, 12, 0
2211, 3, 67, 429, 224, 0, 25.28%, 12, 0, 18, 221.63, 519730, 732, 12, 0
2217, 3, 312, 431, 225, 0, 25.28%, 12, 0, 18, 218.79, 520863, 732, 12, 0
2222, 3, 329, 431, 223, 0, 25.28%, 12, 0, 18, 227.54, 521949, 732, 12, 0
2227, 3, 325, 431, 222, 0, 25.28%, 12, 0, 18, 210.96, 523059, 732, 12, 0
2233, 3, 325, 434, 225, 0, 25.28%, 12, 0, 18, 175.12, 524088, 732, 12, 0
2238, 3, 325, 438, 229, 0, 25.28%, 12, 0, 18, 167.67, 524914, 732, 12, 0
2243, 3, 325, 438, 229, 0, 25.28%, 12, 0, 18, 181.34, 525913, 732, 12, 0
2248, 3, 325, 438, 229, 0, 25.28%, 12, 0, 18, 182.84, 526873, 732, 12, 0
2253, 3, 325, 439, 230, 0, 25.28%, 12, 0, 18, 175.31, 527738, 732, 12, 0
2258, 3, 325, 441, 232, 0, 25.28%, 12, 0, 18, 174.16, 528610, 732, 12, 0
2263, 3, 325, 442, 233, 0, 25.28%, 12, 0, 18, 180.98, 529544, 732, 12, 0
2268, 3, 325, 442, 233, 0, 25.28%, 12, 0, 18, 181.94, 530462, 732, 12, 0
2274, 3, 256, 442, 232, 0, 25.28%, 12, 0, 18, 190.82, 531431, 732, 12, 0
2279, 3, 428, 442, 232, 0, 25.28%, 12, 0, 18, 220.13, 532662, 732, 12, 0
2284, 3, 146, 442, 231, 0, 25.28%, 12, 0, 18, 238.16, 533941, 732, 12, 0
2289, 3, 215, 443, 231, 0, 25.28%, 12, 0, 18, 222.85, 535117, 732, 12, 0
2294, 3, 435, 443, 229, 0, 25.28%, 12, 0, 18, 234.77, 536423, 732, 12, 0
2299, 3, 435, 443, 229, 0, 25.28%, 12, 0, 18, 181.91, 537291, 732, 12, 0
2304, 3, 272, 443, 228, 0, 25.28%, 12, 0, 18, 194.76, 538292, 732, 12, 0
2309, 3, 434, 443, 227, 0, 25.28%, 12, 0, 18, 201.18, 539425, 732, 12, 0
2316, 3, 434, 443, 227, 0, 25.28%, 12, 0, 18, 178.12, 540655, 732, 12, 0
2321, 3, 273, 443, 226, 0, 25.28%, 12, 0, 18, 190.89, 541716, 732, 12, 0
2327, 3, 364, 443, 225, 0, 25.28%, 12, 0, 18, 231.73, 542972, 732, 12, 0
2332, 3, 200, 443, 224, 0, 25.28%, 12, 0, 18, 242.23, 544272, 732, 12, 0
2337, 3, 377, 444, 224, 0, 25.28%, 12, 0, 18, 247.68, 545595, 732, 12, 0
2342, 3, 381, 444, 223, 0, 25.28%, 12, 0, 18, 239.91, 546775, 732, 12, 0
2347, 3, 444, 445, 224, 1, 25.28%, 12, 0, 18, 231.40, 547914, 732, 12, 0
2352, 3, 155, 446, 224, 0, 25.28%, 12, 0, 18, 233.53, 549195, 732, 12, 0
2357, 3, 175, 446, 222, 0, 25.28%, 12, 0, 18, 239.91, 550426, 732, 12, 0
2362, 3, 444, 446, 221, 0, 25.28%, 12, 0, 18, 233.28, 551576, 732, 12, 0
2367, 3, 444, 447, 222, 0, 25.28%, 12, 0, 18, 245.75, 552679, 732, 12, 0
2372, 3, 257, 447, 222, 0, 25.28%, 12, 0, 18, 244.03, 553926, 732, 12, 0
2377, 3, 384, 447, 220, 0, 25.28%, 12, 0, 18, 233.21, 555115, 732, 12, 0
2383, 3, 105, 447, 219, 0, 25.28%, 12, 0, 18, 242.14, 556309, 732, 12, 0
2388, 3, 352, 447, 218, 0, 25.28%, 12, 0, 18, 250.94, 557709, 732, 12, 0
2393, 3, 378, 447, 217, 0, 25.28%, 12, 0, 18, 253.98, 559075, 732, 12, 0
2400, 3, 265, 447, 215, 0, 25.28%, 12, 0, 18, 241.43, 560625, 732, 12, 0
2405, 3, 106, 447, 214, 0, 25.28%, 12, 0, 18, 212.58, 561663, 732, 12, 0
2411, 3, 351, 448, 215, 0, 25.28%, 12, 0, 18, 208.07, 563111, 732, 12, 0
2416, 3, 323, 448, 214, 0, 25.28%, 12, 0, 18, 209.00, 564253, 732, 12, 0
2421, 3, 323, 448, 214, 0, 25.28%, 12, 0, 18, 189.34, 565168, 732, 12, 0
2427, 3, 344, 448, 213, 0, 25.28%, 12, 0, 18, 215.80, 566514, 732, 12, 0
2432, 3, 344, 451, 216, 0, 25.28%, 12, 0, 18, 229.94, 567731, 732, 12, 0
2438, 3, 344, 451, 216, 0, 25.28%, 12, 0, 18, 237.61, 568987, 732, 12, 0
2443, 3, 344, 452, 217, 0, 25.28%, 12, 0, 18, 232.27, 570122, 732, 12, 0
2448, 3, 344, 452, 217, 0, 25.28%, 12, 0, 18, 233.01, 571346, 732, 12, 0
2453, 3, 344, 452, 217, 0, 25.28%, 12, 0, 18, 240.14, 572614, 732, 12, 0
2458, 3, 130, 452, 216, 0, 25.28%, 12, 0, 18, 229.75, 573806, 732, 12, 0
2463, 3, 412, 452, 215, 0, 25.28%, 12, 0, 18, 236.84, 575051, 732, 12, 0
2468, 3, 260, 452, 215, 0, 25.28%, 12, 0, 18, 265.82, 576345, 732, 12, 0
2474, 3, 322, 452, 214, 0, 25.28%, 12, 0, 18, 231.51, 577423, 732, 12, 0
2480, 3, 348, 452, 213, 0, 25.28%, 12, 0, 18, 219.10, 578880, 732, 12, 0
2486, 3, 93, 453, 213, 0, 25.28%, 12, 0, 18, 230.10, 580078, 732, 12, 0
2491, 3, 192, 453, 212, 0, 25.28%, 12, 0, 18, 235.37, 581397, 732, 12, 0
2497, 3, 373, 453, 211, 0, 25.28%, 12, 0, 18, 230.67, 582787, 732, 12, 0
2502, 3, 329, 453, 209, 0, 25.28%, 12, 0, 18, 251.27, 584090, 732, 12, 0
2507, 3, 360, 453, 209, 0, 25.28%, 12, 0, 18, 241.07, 585307, 732, 12, 0
2513, 3, 441, 453, 207, 0, 25.28%, 12, 0, 18, 236.95, 586604, 732, 12, 0
2518, 3, 441, 453, 207, 0, 25.28%, 12, 0, 18, 158.96, 587308, 732, 12, 0
2523, 3, 441, 455, 209, 0, 25.28%, 12, 0, 18, 191.93, 588265, 732, 12, 0
2528, 3, 441, 456, 210, 0, 25.28%, 12, 0, 18, 214.30, 589403, 732, 12, 0
2533, 3, 411, 456, 209, 0, 25.28%, 12, 0, 18, 223.36, 590517, 732, 12, 0
2538, 3, 196, 456, 208, 0, 25.28%, 12, 0, 18, 245.76, 591832, 732, 12, 0
2543, 3, 374, 456, 207, 0, 25.28%, 13, 0, 18, 231.20, 592916, 732, 13, 0
2549, 3, 342, 456, 206, 0, 25.28%, 13, 0, 18, 250.28, 594485, 732, 13, 0
2554, 3, 402, 458, 206, 0, 25.28%, 13, 0, 18, 253.39, 595782, 732, 13, 0
2559, 3, 402, 459, 207, 0, 25.28%, 13, 0, 18, 238.34, 596955, 732, 13, 0
2564, 3, 402, 460, 208, 0, 25.28%, 13, 0, 18, 245.91, 598242, 732, 13, 0
2570, 3, 402, 461, 209, 0, 25.28%, 13, 0, 18, 238.27, 599465, 732, 13, 0
2575, 3, 402, 461, 209, 0, 25.28%, 13, 0, 18, 247.63, 600741, 732, 13, 0
2580, 3, 402, 461, 209, 0, 25.28%, 13, 0, 18, 226.06, 601905, 732, 13, 0
2585, 3, 402, 461, 209, 0, 25.28%, 13, 0, 18, 237.14, 603161, 732, 13, 0
2590, 3, 402, 461, 209, 0, 25.28%, 13, 0, 18, 235.84, 604341, 732, 13, 0
2595, 3, 267, 461, 208, 0, 25.28%, 13, 0, 18, 244.34, 605653, 732, 13, 0
2600, 3, 399, 461, 207, 0, 25.28%, 13, 0, 18, 242.17, 606895, 732, 13, 0
2605, 3, 423, 461, 207, 0, 25.28%, 13, 0, 18, 231.74, 608059, 732, 13, 0
2611, 3, 218, 461, 206, 0, 25.28%, 13, 0, 18, 235.04, 609286, 732, 13, 0
2616, 3, 309, 461, 205, 0, 25.28%, 13, 0, 18, 237.28, 610520, 732, 13, 0
2621, 3, 454, 461, 203, 0, 25.28%, 14, 0, 18, 248.97, 611611, 732, 14, 0
2627, 3, 454, 462, 204, 0, 25.28%, 14, 0, 18, 189.54, 612627, 732, 14, 0
2632, 3, 454, 463, 205, 0, 25.28%, 14, 0, 18, 180.26, 613540, 732, 14, 0
2637, 3, 354, 463, 203, 0, 25.28%, 14, 0, 18, 215.57, 614609, 732, 14, 0
2642, 3, 315, 464, 204, 0, 25.28%, 14, 0, 18, 232.43, 615848, 732, 14, 0
2647, 3, 416, 464, 203, 0, 25.28%, 14, 0, 18, 241.59, 617115, 732, 14, 0
2652, 3, 346, 464, 202, 0, 25.28%, 14, 0, 18, 253.66, 618480, 732, 14, 0
2657, 3, 102, 464, 200, 0, 25.28%, 14, 0, 18, 235.35, 619626, 732, 14, 0
2663, 3, 112, 464, 198, 0, 25.28%, 14, 0, 18, 235.64, 620843, 732, 14, 0
2669, 3, 330, 464, 197, 0, 25.28%, 14, 0, 18, 228.28, 622257, 732, 14, 0
2674, 3, 230, 464, 196, 0, 25.28%, 14, 0, 18, 236.37, 623469, 732, 14, 0
2679, 3, 357, 464, 195, 0, 25.28%, 14, 0, 18, 217.37, 624571, 732, 14, 0
2684, 3, 202, 464, 192, 0, 25.28%, 14, 0, 18, 230.64, 625730, 732, 14, 0
2689, 3, 420, 466, 194, 0, 25.31%, 14, 0, 18, 225.62, 626870, 733, 14, 0
2694, 3, 464, 470, 198, 1, 25.45%, 14, 0, 19, 239.64, 628132, 737, 14, 0
2699, 3, 464, 476, 204, 1, 25.66%, 14, 0, 19, 183.17, 628915, 743, 14, 0
2704, 3, 464, 476, 204, 1, 25.66%, 14, 0, 19, 227.50, 630142, 743, 14, 0
2710, 3, 464, 476, 204, 1, 25.66%, 14, 0, 19, 245.11, 631422, 743, 14, 0
2715, 3, 464, 476, 204, 1, 25.66%, 14, 0, 19, 239.17, 632634, 743, 14, 0
2720, 3, 464, 476, 204, 1, 25.66%, 14, 0, 19, 232.86, 633782, 743, 14, 0
2725, 3, 466, 476, 203, 10, 25.66%, 14, 0, 19, 244.27, 635194, 743, 14, 0
2730, 3, 471, 476, 202, 9, 25.66%, 14, 0, 19, 233.21, 636312, 743, 14, 0
2735, 3, 472, 476, 200, 7, 25.66%, 14, 0, 19, 234.57, 637542, 743, 14, 0
2741, 3, 238, 476, 197, 5, 25.66%, 14, 0, 19, 227.87, 638671, 743, 14, 0
2746, 3, 268, 476, 195, 4, 25.66%, 14, 0, 19, 230.84, 639993, 743, 14, 0
2751, 3, 206, 476, 193, 3, 25.66%, 14, 0, 19, 208.50, 640936, 743, 14, 0
2756, 3, 408, 476, 192, 2, 25.66%, 14, 0, 19, 174.02, 641830, 743, 14, 0
2761, 3, 213, 476, 191, 1, 25.66%, 14, 0, 19, 189.33, 642727, 743, 14, 0
2766, 3, 350, 476, 190, 1, 25.66%, 14, 0, 19, 163.40, 643608, 743, 14, 0
2771, 3, 115, 477, 190, 1, 25.66%, 14, 0, 19, 206.65, 644731, 743, 14, 0
2777, 3, 353, 477, 189, 0, 25.66%, 14, 0, 19, 226.61, 645951, 743, 14, 0
2782, 3, 110, 478, 188, 0, 25.66%, 14, 0, 19, 227.18, 647105, 743, 14, 0
2787, 3, 424, 479, 189, 0, 25.66%, 14, 0, 19, 169.83, 647954, 743, 14, 0
2792, 3, 405, 479, 188, 0, 25.66%, 14, 0, 19, 204.92, 648954, 743, 14, 0
2797, 3, 407, 479, 187, 0, 25.66%, 14, 0, 19, 217.10, 650086, 743, 14, 0
2802, 3, 364, 479, 186, 0, 25.66%, 14, 0, 19, 225.95, 651247, 743, 14, 0
2807, 3, 241, 479, 185, 0, 25.66%, 14, 0, 19, 206.18, 652295, 743, 14, 0
2812, 3, 446, 479, 185, 0, 25.66%, 14, 0, 19, 235.88, 653549, 743, 14, 0
2817, 3, 405, 479, 183, 0, 25.66%, 14, 0, 19, 217.64, 654589, 743, 14, 0
2823, 3, 448, 480, 184, 0, 25.66%, 14, 0, 19, 220.61, 655724, 743, 14, 0
2828, 3, 448, 481, 185, 0, 25.66%, 14, 0, 19, 248.80, 657015, 743, 14, 0
2833, 3, 164, 481, 183, 0, 25.66%, 14, 0, 19, 213.94, 658115, 743, 14, 0
2838, 3, 302, 481, 182, 0, 25.66%, 14, 0, 19, 186.57, 658960, 743, 14, 0
2843, 3, 454, 481, 180, 0, 25.66%, 14, 0, 19, 181.38, 659932, 743, 14, 0
2848, 3, 326, 482, 181, 0, 25.66%, 14, 0, 19, 167.30, 660707, 743, 14, 0
2853, 3, 326, 485, 184, 0, 25.66%, 14, 0, 19, 201.16, 661771, 743, 14, 0
2858, 3, 326, 485, 184, 0, 25.66%, 14, 0, 19, 224.97, 662909, 743, 14, 0
2863, 3, 326, 485, 184, 0, 25.66%, 14, 0, 19, 230.60, 664053, 743, 14, 0
2870, 3, 460, 485, 183, 0, 25.66%, 14, 0, 19, 229.62, 665571, 743, 14, 0
2875, 3, 208, 485, 182, 0, 25.66%, 14, 0, 19, 204.33, 666670, 743, 14, 0
2880, 3, 367, 485, 181, 0, 25.66%, 14, 0, 19, 188.72, 667532, 743, 14, 0
2887, 3, 258, 485, 181, 0, 25.66%, 14, 0, 19, 221.78, 669114, 743, 14, 0
2892, 3, 397, 486, 181, 0, 25.66%, 14, 0, 19, 259.73, 670468, 743, 14, 0
2897, 3, 248, 486, 179, 0, 25.66%, 14, 0, 19, 230.75, 671704, 743, 14, 0
2902, 3, 207, 486, 178, 0, 25.66%, 14, 0, 19, 210.31, 672686, 743, 14, 0
2907, 3, 462, 486, 177, 0, 25.66%, 14, 0, 19, 198.70, 673764, 743, 14, 0
2914, 3, 462, 486, 177, 0, 25.66%, 14, 0, 19, 175.00, 674949, 743, 14, 0
2919, 3, 259, 486, 176, 0, 25.66%, 14, 0, 19, 208.51, 675953, 743, 14, 0
2924, 3, 182, 486, 175, 0, 25.66%, 14, 0, 19, 233.76, 677178, 743, 14, 0
2929, 3, 179, 486, 173, 0, 25.66%, 14, 0, 19, 221.16, 678335, 743, 14, 0
2934, 3, 345, 487, 173, 0, 25.66%, 14, 0, 19, 203.55, 679426, 743, 14, 0
2939, 3, 36, 487, 171, 0, 25.66%, 14, 0, 19, 185.45, 680284, 743, 14, 0
2944, 3, 274, 487, 170, 0, 25.66%, 14, 0, 19, 208.19, 681368, 743, 14, 0
2949, 3, 167, 487, 168, 0, 25.66%, 14, 0, 19, 219.39, 682498, 743, 14, 0
2955, 3, 415, 487, 166, 0, 25.66%, 14, 0, 19, 230.13, 683692, 743, 14, 0
2960, 3, 388, 487, 166, 0, 25.66%, 14, 0, 19, 218.88, 684794, 743, 14, 0
2965, 3, 454, 488, 166, 0, 25.66%, 14, 0, 19, 172.52, 685609, 743, 14, 0
2970, 3, 113, 489, 167, 0, 25.66%, 14, 0, 19, 179.13, 686510, 743, 14, 0
2975, 3, 198, 490, 168, 0, 25.66%, 14, 0, 19, 261.27, 687933, 743, 14, 0
2980, 3, 324, 490, 167, 0, 25.66%, 14, 0, 19, 211.87, 688927, 743, 14, 0
2985, 3, 324, 490, 167, 0, 25.66%, 14, 0, 19, 159.96, 689689, 743, 14, 0
2990, 3, 324, 493, 170, 0, 25.66%, 14, 0, 19, 148.14, 690452, 743, 14, 0
2995, 3, 483, 493, 168, 0, 25.66%, 14, 0, 19, 197.51, 691483, 743, 14, 0
3001, 3, 461, 493, 167, 0, 25.66%, 14, 0, 19, 186.50, 692503, 743, 14, 0
3007, 3, 461, 493, 167, 0, 25.66%, 14, 0, 19, 170.70, 693543, 743, 14, 0
3012, 3, 451, 493, 165, 0, 25.66%, 14, 0, 19, 184.78, 694435, 743, 14, 0
3017, 3, 403, 493, 163, 0, 25.66%, 14, 0, 19, 222.54, 695597, 743, 14, 0
3022, 3, 411, 493, 161, 0, 25.66%, 14, 0, 19, 222.05, 696703, 743, 14, 0
3027, 3, 471, 493, 161, 0, 25.66%, 14, 0, 19, 227.01, 697903, 743, 14, 0
3032, 3, 481, 494, 162, 0, 25.66%, 14, 0, 19, 223.69, 699034, 743, 14, 0
3037, 3, 381, 494, 160, 0, 25.66%, 14, 0, 19, 249.50, 700367, 743, 14, 0
3043, 3, 493, 497, 162, 0, 25.66%, 14, 0, 19, 218.49, 701609, 743, 14, 0
3048, 3, 493, 499, 164, 0, 25.66%, 14, 0, 19, 251.54, 702942, 743, 14, 0
3053, 3, 493, 499, 164, 0, 25.66%, 14, 0, 19, 237.28, 704069, 743, 14, 0
3058, 3, 493, 499, 164, 0, 25.66%, 14, 0, 19, 240.64, 705305, 743, 14, 0
3063, 3, 493, 499, 164, 0, 25.66%, 14, 0, 19, 232.04, 706449, 743, 14, 0
3068, 3, 499, 502, 166, 1, 26.07%, 14, 0, 19, 243.97, 707746, 755, 14, 0
3073, 3, 392, 502, 163, 0, 26.07%, 14, 0, 19, 265.86, 709044, 755, 14, 0
3078, 3, 84, 502, 161, 0, 26.07%, 14, 0, 19, 250.12, 710377, 755, 14, 0
3085, 3, 176, 502, 161, 0, 26.07%, 14, 0, 19, 212.02, 711638, 755, 14, 0
3090, 3, 355, 502, 159, 0, 26.07%, 14, 0, 19, 185.01, 712474, 755, 14, 0
3095, 3, 208, 502, 158, 0, 26.07%, 14, 0, 19, 207.80, 713556, 755, 14, 0
3100, 3, 444, 502, 158, 0, 26.07%, 14, 0, 19, 221.42, 714720, 755, 14, 0
3106, 3, 438, 502, 158, 0, 26.07%, 14, 0, 19, 188.34, 715633, 755, 14, 0
3111, 3, 438, 503, 159, 0, 26.07%, 14, 0, 19, 185.05, 716544, 755, 14, 0
3116, 3, 241, 503, 158, 0, 26.07%, 14, 0, 19, 217.94, 717646, 755, 14, 0
3121, 3, 179, 503, 156, 0, 26.07%, 14, 0, 19, 212.54, 718682, 755, 14, 0
3126, 3, 232, 503, 156, 0, 26.07%, 14, 0, 19, 223.50, 719828, 755, 14, 0
3131, 3, 241, 503, 155, 0, 26.07%, 14, 0, 19, 209.34, 720894, 755, 14, 0
3136, 3, 254, 503, 153, 0, 26.07%, 14, 0, 19, 216.88, 721996, 755, 14, 0
3141, 3, 66, 503, 152, 0, 26.07%, 14, 0, 19, 223.11, 723157, 755, 14, 0
3146, 3, 263, 503, 151, 0, 26.07%, 14, 0, 19, 220.85, 724304, 755, 14, 0
3151, 3, 207, 503, 151, 0, 26.07%, 14, 0, 19, 219.90, 725404, 755, 14, 0
3156, 3, 143, 503, 150, 0, 26.07%, 14, 0, 19, 228.13, 726556, 755, 14, 0
3162, 3, 266, 504, 150, 0, 26.07%, 14, 0, 19, 225.84, 727723, 755, 14, 0
3167, 3, 501, 507, 153, 0, 26.07%, 14, 0, 19, 228.60, 728932, 755, 14, 0
3172, 3, 501, 510, 156, 0, 26.10%, 14, 0, 19, 224.20, 730053, 756, 14, 0
3177, 3, 501, 512, 158, 0, 26.10%, 14, 0, 19, 240.73, 731303, 756, 14, 0
3182, 3, 501, 512, 158, 0, 26.10%, 14, 0, 19, 266.16, 732600, 756, 14, 0
3187, 3, 501, 512, 158, 0, 26.10%, 14, 0, 19, 194.99, 733552, 756, 14, 0
3192, 3, 501, 512, 158, 0, 26.10%, 14, 0, 19, 212.44, 734600, 756, 14, 0
3198, 3, 501, 512, 158, 0, 26.10%, 14, 0, 19, 225.73, 735800, 756, 14, 0
3203, 3, 501, 512, 158, 0, 26.10%, 14, 0, 19, 218.80, 736908, 756, 14, 0
3208, 3, 501, 512, 158, 0, 26.10%, 14, 0, 19, 220.24, 738056, 756, 14, 0
3214, 3, 512, 513, 157, 1, 26.14%, 14, 0, 19, 207.64, 739410, 757, 14, 0
3219, 3, 66, 513, 155, 0, 26.14%, 14, 0, 19, 192.51, 740284, 757, 14, 0
3224, 3, 203, 514, 156, 0, 26.14%, 14, 0, 19, 218.20, 741411, 757, 14, 0
3230, 3, 156, 514, 155, 0, 26.14%, 14, 0, 19, 227.70, 742631, 757, 14, 0
3235, 3, 274, 514, 153, 0, 26.14%, 14, 0, 19, 238.58, 743864, 757, 14, 0
3240, 3, 319, 514, 153, 0, 26.14%, 14, 0, 19, 209.52, 744981, 757, 14, 0
3246, 3, 308, 514, 152, 0, 26.14%, 14, 0, 19, 205.55, 746182, 757, 14, 0
3251, 3, 115, 514, 151, 0, 26.14%, 14, 0, 19, 208.79, 747214, 757, 14, 0
3257, 4, 468, 514, 150, 0, 26.14%, 14, 0, 19, 219.16, 748371, 757, 14, 0
3262, 4, 398, 514, 150, 0, 26.14%, 14, 0, 19, 212.88, 749497, 757, 14, 0
3267, 4, 313, 514, 149, 0, 26.14%, 14, 0, 19, 225.28, 750683, 757, 14, 0
3272, 4, 450, 514, 147, 0, 26.14%, 14, 0, 19, 216.87, 751755, 757, 14, 0
3277, 4, 89, 514, 146, 0, 26.14%, 14, 0, 19, 166.64, 752513, 757, 14, 0
3282, 4, 289, 514, 146, 0, 26.14%, 14, 0, 19, 195.53, 753393, 757, 14, 0
3287, 4, 454, 514, 145, 0, 26.14%, 14, 0, 19, 199.66, 754475, 757, 14, 0
3292, 4, 275, 514, 145, 0, 26.14%, 14, 0, 19, 200.17, 755554, 757, 14, 0
3297, 4, 412, 514, 143, 0, 26.14%, 14, 0, 19, 229.74, 756761, 757, 14, 0
3303, 4, 405, 514, 143, 0, 26.14%, 14, 0, 19, 191.23, 757725, 757, 14, 0
3308, 4, 510, 514, 142, 0, 26.14%, 14, 0, 19, 191.29, 758796, 757, 14, 0
3313, 4, 381, 515, 142, 0, 26.14%, 14, 0, 19, 209.43, 759877, 757, 14, 0
3318, 4, 411, 515, 142, 0, 26.14%, 14, 0, 19, 233.16, 761115, 757, 14, 0
3324, 4, 115, 515, 142, 0, 26.14%, 14, 0, 19, 226.11, 762256, 757, 14, 0
3329, 4, 514, 515, 142, 0, 26.14%, 14, 0, 19, 227.59, 763568, 757, 14, 0
3335, 4, 514, 515, 142, 0, 26.14%, 14, 0, 19, 214.44, 764653, 757, 14, 0
3340, 4, 84, 515, 141, 0, 26.14%, 14, 0, 19, 190.10, 765622, 757, 14, 0
3345, 4, 443, 515, 141, 0, 26.14%, 14, 0, 19, 219.52, 766761, 757, 14, 0
3350, 4, 300, 515, 140, 0, 26.14%, 14, 0, 19, 221.24, 767866, 757, 14, 0
3355, 4, 298, 516, 140, 0, 26.14%, 14, 0, 19, 199.51, 768847, 757, 14, 0
3360, 4, 173, 516, 139, 0, 26.14%, 14, 0, 19, 185.04, 769757, 757, 14, 0
3365, 4, 171, 516, 138, 0, 26.14%, 14, 0, 19, 186.45, 770720, 757, 14, 0
3370, 4, 23, 516, 137, 0, 26.14%, 14, 0, 19, 218.37, 771869, 757, 14, 0
3376, 4, 361, 516, 137, 0, 26.14%, 14, 0, 19, 216.19, 773104, 757, 14, 0
3381, 4, 166, 516, 136, 0, 26.14%, 15, 0, 19, 265.24, 774345, 757, 15, 0
3386, 4, 507, 516, 136, 0, 26.14%, 15, 0, 19, 227.40, 775434, 757, 15, 0
3391, 4, 507, 518, 138, 0, 26.14%, 15, 0, 19, 214.77, 776456, 757, 15, 0
3396, 4, 507, 518, 138, 0, 26.14%, 15, 0, 19, 185.29, 777373, 757, 15, 0
3401, 4, 445, 518, 136, 0, 26.14%, 15, 0, 19, 188.26, 778281, 757, 15, 0
3406, 4, 420, 518, 134, 0, 26.14%, 15, 0, 19, 224.60, 779468, 757, 15, 0
3411, 4, 109, 518, 134, 0, 26.14%, 15, 0, 19, 227.22, 780600, 757, 15, 0
3416, 4, 513, 518, 134, 0, 26.14%, 15, 0, 19, 237.62, 781841, 757, 15, 0
3422, 4, 66, 518, 132, 0, 26.14%, 15, 0, 19, 217.03, 782951, 757, 15, 0
3427, 4, 241, 518, 132, 0, 26.14%, 15, 0, 19, 209.74, 784033, 757, 15, 0
3432, 4, 400, 518, 132, 0, 26.14%, 15, 0, 19, 215.30, 785127, 757, 15, 0
3437, 4, 367, 518, 131, 0, 26.14%, 15, 0, 19, 225.74, 786336, 757, 15, 0
3442, 4, 370, 518, 131, 0, 26.14%, 15, 0, 19, 208.34, 787372, 757, 15, 0
3449, 4, 333, 518, 130, 0, 26.14%, 15, 0, 19, 193.92, 788784, 757, 15, 0
3454, 4, 166, 518, 128, 0, 26.14%, 15, 0, 19, 252.92, 790105, 757, 15, 0
3459, 4, 409, 518, 128, 0, 26.14%, 15, 0, 19, 245.05, 791370, 757, 15, 0
3464, 4, 147, 518, 128, 0, 26.14%, 15, 0, 19, 242.07, 792564, 757, 15, 0
3469, 4, 307, 518, 127, 0, 26.14%, 15, 0, 19, 240.28, 793728, 757, 15, 0
3475, 4, 490, 518, 126, 0, 26.14%, 15, 0, 19, 170.33, 794567, 757, 15, 0
3480, 4, 490, 518, 126, 0, 26.14%, 15, 0, 19, 21.89, 795144, 757, 15, 0
3485, 4, 418, 519, 126, 0, 26.14%, 15, 0, 19, 148.90, 795869, 757, 15, 0
3490, 4, 485, 519, 126, 0, 26.14%, 15, 0, 19, 185.87, 797024, 757, 15, 0
3495, 4, 518, 520, 126, 0, 26.14%, 15, 0, 19, 182.73, 798006, 757, 15, 0
3501, 4, 518, 521, 127, 0, 26.14%, 15, 0, 19, 145.18, 798695, 757, 15, 0
3506, 4, 518, 526, 132, 0, 26.14%, 15, 0, 19, 168.57, 799593, 757, 15, 0
3511, 4, 518, 526, 132, 0, 26.14%, 15, 0, 19, 161.65, 800568, 757, 15, 0
3516, 4, 518, 526, 132, 0, 26.14%, 15, 0, 19, 176.30, 801465, 757, 15, 0
3521, 4, 518, 526, 132, 0, 26.14%, 15, 0, 19, 170.78, 802311, 757, 15, 0
3526, 4, 518, 526, 132, 0, 26.14%, 15, 0, 19, 167.39, 803160, 757, 15, 0
3531, 4, 518, 526, 132, 0, 26.14%, 15, 0, 19, 173.98, 804048, 757, 15, 0
3536, 4, 518, 526, 132, 0, 26.14%, 15, 0, 19, 168.59, 804879, 757, 15, 0
3541, 4, 518, 526, 132, 0, 26.14%, 15, 0, 19, 137.09, 805568, 757, 15, 0
3546, 4, 413, 526, 131, 0, 26.14%, 15, 0, 19, 148.57, 806326, 757, 15, 0
3551, 4, 440, 526, 130, 0, 26.14%, 15, 0, 19, 186.34, 807309, 757, 15, 0
3556, 4, 440, 526, 130, 0, 26.14%, 15, 0, 19, 141.21, 808028, 757, 15, 0
3562, 4, 440, 526, 130, 0, 26.14%, 15, 0, 19, 145.87, 808766, 757, 15, 0
3567, 4, 255, 526, 129, 0, 26.14%, 15, 0, 19, 151.80, 809639, 757, 15, 0
3574, 4, 219, 526, 128, 0, 26.14%, 15, 0, 19, 194.38, 811042, 757, 15, 0
3579, 4, 409, 526, 127, 0, 26.14%, 15, 0, 19, 168.46, 811909, 757, 15, 0
3584, 4, 266, 526, 126, 0, 26.14%, 15, 0, 19, 216.68, 813066, 757, 15, 0
3590, 4, 314, 526, 125, 0, 26.14%, 15, 0, 19, 225.95, 814390, 757, 15, 0
3595, 4, 409, 526, 123, 0, 26.14%, 15, 0, 19, 203.86, 815440, 757, 15, 0
3600, 4, 386, 526, 123, 0, 26.14%, 15, 0, 19, 177.05, 816296, 757, 15, 0
3605, 4, 513, 526, 123, 0, 26.14%, 15, 0, 19, 215.74, 817451, 757, 15, 0
3610, 4, 310, 526, 123, 0, 26.14%, 15, 0, 19, 215.76, 818586, 757, 15, 0
3615, 4, 37, 526, 121, 0, 26.14%, 15, 0, 19, 239.37, 819866, 757, 15, 0
3620, 4, 518, 527, 122, 0, 26.14%, 15, 0, 19, 134.58, 820433, 757, 15, 0
3626, 4, 420, 527, 122, 0, 26.14%, 15, 0, 19, 184.82, 821342, 757, 15, 0
3631, 4, 522, 527, 122, 0, 26.14%, 15, 0, 19, 158.42, 822188, 757, 15, 0
3636, 4, 522, 527, 122, 0, 26.14%, 15, 0, 19, 142.59, 822823, 757, 15, 0
3641, 4, 522, 533, 128, 0, 26.14%, 15, 0, 19, 131.32, 823461, 757, 15, 0
3646, 4, 522, 536, 131, 0, 26.14%, 15, 0, 19, 167.98, 824360, 757, 15, 0
3651, 4, 522, 536, 131, 0, 26.14%, 15, 0, 19, 166.95, 825212, 757, 15, 0
3656, 4, 522, 536, 131, 0, 26.14%, 15, 0, 19, 173.38, 826109, 757, 15, 0
3661, 4, 522, 537, 132, 0, 26.14%, 15, 0, 19, 165.95, 826965, 757, 15, 0
3667, 4, 522, 538, 133, 0, 26.14%, 15, 0, 19, 162.14, 827773, 757, 15, 0
3672, 4, 522, 538, 133, 0, 26.14%, 15, 0, 19, 158.64, 828598, 757, 15, 0
3677, 4, 522, 538, 133, 0, 26.14%, 15, 0, 19, 139.51, 829276, 757, 15, 0
3682, 4, 522, 538, 133, 0, 26.14%, 15, 0, 19, 120.66, 829888, 757, 15, 0
3683, 4, 522, 538, 133, 0, 26.14%, 15, 0, 19, 129.71, 830106, 757, 15, 0
